Tanggal,Jumlah Orang di Test,Orang Positif Harian,Orang Negatif Harian,Positivity Rate Kasus Baru Harian,Total Spesimen di Test,Positif,Negatif,Positivity Rate Spesimen Harian,
29/02/2020 ,40,0,40,0.00%,40,0,40,0.0%,
1/3/2020,39,0,39,0.00%,39,0,39,0.0%,
2/3/2020,3,0,3,0.00%,3,0,3,0.0%,
3/3/2020,15,3,12,20.00%,15,3,12,20.0%,
4/3/2020,7,0,7,0.00%,7,0,7,0.0%,
6/3/2020,5,0,5,0.00%,5,0,5,0.0%,
7/3/2020,26,0,26,0.00%,26,0,26,0.0%,
8/3/2020,56,1,55,1.80%,56,0,56,0.0%,
9/3/2020,73,27,46,37.00%,73,25,48,34.2%,
10/3/2020,52,2,50,3.80%,52,0,52,0.0%,
11/3/2020,48,26,22,54.20%,48,3,45,6.3%,
12/3/2020,56,10,46,17.90%,56,23,33,41.1%,
13/03/2020 ,30,7,23,23.30%,30,10,20,33.3%,
14/03/2020 ,44,16,28,36.40%,44,3,41,6.8%,
15/03/2020 ,41,2,39,4.90%,41,15,26,36.6%,
16/03/2020 ,47,25,22,53.20%,47,2,45,4.3%,
17/03/2020 ,104,38,66,36.50%,104,26,78,25.0%,
18/03/2020 ,132,51,81,38.60%,132,38,94,28.8%,
19/03/2020 ,154,13,141,8.40%,154,48,106,31.2%,
20/03/2020 ,118,44,74,37.30%,118,12,106,10.2%,
21/03/2020 ,501,39,462,7.80%,1190,437,753,36.7%,
22/03/2020 ,1097,49,1048,4.50%,1997,1901,96,95.2%,
23/03/2020 ,378,71,307,18.80%,3029,2908,121,96.0%,
24/03/2020 ,347,45,302,13.00%,1022,446,576,43.6%,
25/03/2020 ,196,43,153,21.90%,887,437,450,49.3%,
26/03/2020 ,248,51,197,20.60%,959,448,511,46.7%,
27/03/2020 ,199,37,162,18.60%,887,435,452,49.0%,
28/03/2020 ,359,98,261,27.30%,1126,502,624,44.6%,
29/03/2020 ,127,26,101,20.50%,751,426,325,56.7%,
30/03/2020 ,217,14,203,6.50%,922,431,491,46.7%,
31/03/2020 ,300,75,225,25.00%,1047,478,569,45.7%,
1/4/2020,164,93,71,56.70%,920,504,416,54.8%,
2/4/2020,455,81,374,17.80%,1343,532,811,39.6%,
3/4/2020,908,81,827,8.90%,1501,545,956,36.3%,
4/4/2020,1470,80,1390,5.40%,2414,608,1806,25.2%,
5/4/2020,1218,148,1070,12.20%,2248,538,1710,23.9%,
6/4/2020,812,144,668,17.70%,1909,558,1351,29.2%,
7/4/2020,877,109,768,12.40%,2152,534,1618,24.8%,
8/4/2020,988,167,821,16.90%,2179,601,1578,27.6%,
9/4/2020,1003,91,912,9.10%,2094,562,1532,26.8%,
10/4/2020,1304,93,1211,7.10%,2561,560,2001,21.9%,
11/4/2020,916,179,737,19.50%,2021,573,1448,28.4%,
12/4/2020,844,160,684,19.00%,1865,533,1332,28.6%,
13/04/2020 ,840,107,733,12.70%,1927,560,1367,29.1%,
14/04/2020 ,1114,98,1016,8.80%,2253,521,1732,23.1%,
15/04/2020 ,981,223,758,22.70%,2148,568,1580,26.4%,
16/04/2020 ,888,153,735,17.20%,1932,531,1401,27.5%,
17/04/2020 ,1214,79,1135,6.50%,2428,525,1903,21.6%,
18/04/2020 ,1123,131,992,11.70%,2245,466,1779,20.8%,
19/04/2020 ,1248,79,1169,6.30%,2602,585,2017,22.5%,
20/04/2020 ,1606,167,1439,10.40%,2974,565,2409,19.0%,
21/04/2020 ,1599,120,1479,7.50%,2932,513,2419,17.5%,
22/04/2020 ,1552,107,1445,6.90%,2931,527,2404,18.0%,
23/04/2020 ,1714,99,1615,5.80%,3144,522,2622,16.6%,
24/04/2020 ,1599,76,1523,4.80%,2994,532,2462,17.8%,
25/04/2020 ,1278,65,1213,5.10%,2432,438,1994,18.0%,
26/04/2020 ,803,86,717,10.70%,1862,453,1409,24.3%,
27/04/2020 ,1434,118,1316,8.20%,2879,583,2296,20.3%,
28/04/2020 ,1904,83,1821,4.40%,3362,525,2837,15.6%,
29/04/2020 ,2276,105,2171,4.60%,3985,559,3426,14.0%,
30/04/2020 ,2339,145,2194,6.20%,3998,515,3483,12.9%,
1/5/2020,2496,72,2424,2.90%,4304,553,3751,12.8%,
2/5/2020,2211,62,2149,2.80%,3634,513,3121,14.1%,
3/5/2020,1127,55,1072,4.90%,2105,608,1497,28.9%,
4/5/2020,2594,169,2425,6.50%,4189,695,3494,16.6%,
5/5/2020,2520,68,2452,2.70%,3916,611,3305,15.6%,
6/5/2020,2985,66,2919,2.20%,4624,571,4053,12.3%,
7/5/2020,1733,126,1607,7.30%,3047,743,2304,24.4%,
8/5/2020,2500,57,2443,2.30%,4007,778,3229,19.4%,
9/5/2020,2629,182,2447,6.90%,4029,662,3367,16.4%,
10/5/2020,1490,55,1435,3.70%,2696,830,1866,30.8%,
11/5/2020,2575,108,2467,4.20%,4019,771,3248,19.2%,
12/5/2020,3119,134,2985,4.30%,4757,672,4085,14.1%,
13/05/2020 ,2601,180,2421,6.90%,4063,619,3444,15.2%,
14/05/2020 ,2500,62,2438,2.50%,4083,730,3353,17.9%,
15/05/2020 ,2433,116,2317,4.80%,3791,645,3146,17.0%,
16/05/2020 ,2006,127,1879,6.30%,3206,585,2621,18.2%,
17/05/2020 ,1673,88,1585,5.30%,2822,617,2205,21.9%,
18/05/2020 ,2194,43,2151,2.00%,3548,631,2917,17.8%,
19/05/2020 ,2530,97,2433,3.80%,4040,667,3373,16.5%,
20/05/2020 ,2457,72,2385,2.90%,3863,620,3243,16.0%,
21/05/2020 ,1907,97,1810,5.10%,3303,799,2504,24.2%,
22/05/2020 ,3214,127,3087,4.00%,4836,643,4193,13.3%,
23/05/2020 ,1764,118,1646,6.70%,2776,499,2277,18.0%,
24/05/2020 ,871,67,804,7.70%,1735,590,1145,34.0%,
25/05/2020 ,1321,93,1228,7.00%,2408,711,1697,29.5%,
26/05/2020 ,1972,105,1867,5.30%,3233,727,2506,22.5%,
27/05/2020 ,2271,103,2168,4.50%,3641,723,2918,19.9%,
28/05/2020 ,2768,124,2644,4.50%,4365,734,3631,16.8%,
29/05/2020 ,2392,100,2292,4.20%,3860,769,3091,19.9%,
30/05/2020 ,2808,119,2689,4.20%,4319,661,3658,15.3%,
31/05/2020 ,1858,111,1747,6.00%,3021,628,2393,20.8%,
1/6/2020,1789,73,1716,4.10%,2555,258,2297,10.1%,
2/6/2020,2371,101,2270,4.30%,3391,199,3192,5.9%,
3/6/2020,3422,62,3360,1.80%,4900,301,4599,6.1%,
4/6/2020,2738,83,2655,3.00%,3918,296,3622,7.6%,
5/6/2020,2864,102,2762,3.60%,4103,341,3762,8.3%,
6/6/2020,3334,160,3174,4.80%,4766,402,4364,8.4%,
7/6/2020,1808,96,1712,5.30%,2589,164,2425,6.3%,
8/6/2020,2798,194,2604,6.90%,4016,326,3690,8.1%,
9/6/2020,3590,187,3403,5.20%,5159,388,4771,7.5%,
10/6/2020,4064,129,3935,3.20%,5843,398,5445,6.8%,
11/6/2020,2827,76,2751,2.70%,4077,328,3749,8.0%,
12/6/2020,3411,120,3291,3.50%,4897,452,4445,9.2%,
13/06/2020 ,4955,115,4840,2.30%,7095,474,6621,6.7%,
14/06/2020 ,1851,105,1746,5.70%,3085,197,2888,6.4%,
15/06/2020 ,4605,94,4511,2.00%,6693,367,6326,5.5%,
16/06/2020 ,4702,147,4555,3.10%,6758,593,6165,8.8%,
17/06/2020 ,4740,176,4564,3.70%,6900,581,6319,8.4%,
18/06/2020 ,4260,140,4120,3.30%,6285,451,5834,7.2%,
19/06/2020 ,4794,178,4616,3.70%,6862,487,6375,7.1%,
20/06/2020 ,3258,132,3126,4.10%,4680,403,4277,8.6%,
21/06/2020 ,2806,132,2674,4.70%,4016,237,3779,5.9%,
22/06/2020 ,3627,171,3456,4.70%,5287,325,4962,6.1%,
23/06/2020 ,5986,159,5827,2.70%,8614,417,8197,4.8%,
24/06/2020 ,5142,195,4947,3.80%,7417,505,6912,6.8%,
25/06/2020 ,5444,168,5276,3.10%,7884,433,7451,5.5%,
26/06/2020 ,5295,213,5082,4.00%,7620,592,7028,7.8%,
27/06/2020 ,4440,148,4292,3.30%,6388,449,5939,7.0%,
28/06/2020 ,2434,95,2339,3.90%,3491,308,3183,8.8%,
29/06/2020 ,4598,198,4400,4.30%,7081,345,6736,4.9%,
30/06/2020 ,4618,204,4414,4.40%,7033,690,6343,9.8%,
1/7/2020,4257,198,4059,4.70%,6594,557,6037,8.4%,
2/7/2020,4255,144,4111,3.40%,6490,472,6018,7.3%,
3/7/2020,5955,215,5740,3.60%,8817,777,8040,8.8%,
4/7/2020,4305,256,4049,5.90%,6587,579,6008,8.8%,
5/7/2020,3092,231,2861,7.50%,4549,355,4194,7.8%,
6/7/2020,4441,199,4242,4.50%,6122,510,5612,8.3%,
7/7/2020,5473,308,5165,5.60%,7260,773,6487,10.6%,
8/7/2020,6486,293,6193,4.50%,9631,710,8921,7.4%,
9/7/2020,6423,236,6187,3.70%,8958,706,8252,7.9%,
10/7/2020,6584,359,6225,5.50%,10412,978,9434,9.4%,
11/7/2020,5690,404,5286,7.10%,8117,900,7217,11.1%,
12/7/2020,4102,279,3823,6.80%,5188,458,4730,8.8%,
13/07/2020 ,5998,275,5723,4.60%,8616,923,7693,10.7%,
14/07/2020 ,5414,258,5156,4.80%,8626,953,7673,11.0%,
15/07/2020 ,6405,304,6101,4.70%,9056,765,8291,8.4%,
16/07/2020 ,6448,231,6217,3.60%,9924,1085,8839,10.9%,
17/07/2020 ,9056,331,8725,3.70%,12098,802,11296,6.6%,
18/07/2020 ,6781,312,6469,4.60%,9982,927,9055,9.3%,
19/07/2020 ,3655,361,3294,9.90%,4935,519,4416,10.5%,
20/07/2020 ,6088,441,5647,7.20%,9365,932,8433,10.0%,
21/07/2020 ,8081,382,7699,4.70%,11413,1271,10142,11.1%,
22/07/2020 ,10061,416,9645,4.10%,11692,1368,10324,11.7%,
23/07/2020 ,8773,279,8494,3.20%,11009,1142,9867,10.4%,
24/07/2020 ,9100,393,8707,4.30%,10480,931,9549,8.9%,
25/07/2020 ,6887,611,6276,8.90%,8457,922,7535,10.9%,
26/07/2020 ,3148,270,2878,8.60%,4981,344,4637,6.9%,
27/07/2020 ,8184,436,7748,5.30%,11342,1196,10146,10.5%,
28/07/2020 ,8824,542,8282,6.10%,10634,1478,9156,13.9%,
29/07/2020 ,9120,340,8780,3.70%,12297,1718,10579,14.0%,
30/07/2020 ,8520,585,7935,6.90%,10856,1081,9775,10.0%,
31/07/2020 ,4222,330,3892,7.80%,5544,486,5058,8.8%,
1/8/2020,6366,329,6037,5.20%,9042,1048,7994,11.6%,
2/8/2020,3675,439,3236,11.90%,4671,489,4182,10.5%,
3/8/2020,7811,386,7425,4.90%,10802,995,9807,9.2%,
4/8/2020,7071,468,6603,6.60%,11922,1654,10268,13.9%,
5/8/2020,8124,584,7540,7.20%,12034,1616,10418,13.4%,
6/8/2020,8065,693,7372,8.60%,12299,1392,10907,11.3%,
7/8/2020,8791,776,8015,8.80%,13298,1506,11792,11.3%,
8/8/2020,6771,534,6237,7.90%,9129,1197,7932,13.1%,
9/8/2020,4433,319,4114,7.20%,5412,652,4760,12.0%,
10/8/2020,6059,582,5477,9.60%,8939,1169,7770,13.1%,
11/8/2020,5841,487,5354,8.30%,8140,896,7244,11.0%,
12/8/2020,8015,591,7424,7.40%,10993,1583,9410,14.4%,
13/08/2020 ,6881,495,6386,7.20%,9144,1362,7782,14.9%,
14/08/2020 ,8211,729,7482,8.90%,11553,1364,10189,11.8%,
15/08/2020 ,9669,625,9044,6.50%,11769,1656,10113,14.1%,
16/08/2020 ,5266,534,4732,10.10%,7387,908,6479,12.3%,
17/08/2020 ,7215,555,6660,7.70%,9212,931,8281,10.1%,
18/08/2020 ,7097,601,6496,8.50%,9548,1327,8221,13.9%,
19/08/2020 ,10636,695,9941,6.50%,14015,2127,11888,15.2%,
20/08/2020 ,5422,511,4911,9.40%,7015,1076,5939,15.3%,
21/08/2020 ,7422,760,6662,10.20%,11260,1858,9402,16.5%,
22/08/2020 ,6821,854,5967,12.50%,10132,1864,8268,18.4%,
23/08/2020 ,3691,508,3183,13.80%,6484,1157,5327,17.8%,
24/08/2020 ,8941,704,8237,7.90%,11929,1821,10108,15.3%,
25/08/2020 ,8794,569,8225,6.50%,12056,1871,10185,15.5%,
26/08/2020 ,11436,907,10529,7.90%,14863,2488,12375,16.7%,
27/08/2020 ,9360,879,8481,9.40%,14337,2158,12179,15.1%,
28/08/2020 ,10266,882,9384,8.60%,13469,2047,11422,15.2%,
29/08/2020 ,9392,974,8418,10.40%,12916,2111,10805,16.3%,
30/08/2020 ,4880,703,4177,14.40%,7578,1567,6011,20.7%,
31/08/2020 ,7514,1024,6490,13.60%,10024,1996,8028,19.9%,
1/9/2020,8222,1121,7101,13.60%,12001,2172,9829,18.1%,
2/9/2020,9971,1135,8836,11.40%,12117,2242,9875,18.5%,
3/9/2020,12131,1013,11118,8.40%,15390,2607,12783,16.9%,
4/9/2020,10248,1242,9006,12.10%,12252,2263,9989,18.5%,
5/9/2020,9866,1130,8736,11.50%,11771,2208,9563,18.8%,
6/9/2020,4979,703,4276,14.10%,6622,1167,5455,17.6%,
7/9/2020,12302,1289,11013,10.50%,14808,2427,12381,16.4%,
8/9/2020,12891,1326,11565,10.30%,14488,2658,11830,18.3%,
9/9/2020,10005,1102,8903,11.00%,13666,2232,11434,16.3%,
10/9/2020,12103,1203,10900,9.90%,14034,2476,11558,17.6%,
11/9/2020,10311,1435,8876,13.90%,13386,2501,10885,18.7%,
12/9/2020,10567,1702,8865,16.10%,13078,2826,10252,21.6%,
13/09/2020 ,5085,768,4317,15.10%,7427,1528,5899,20.6%,
14/09/2020 ,12510,1263,11247,10.10%,14901,3021,11880,20.3%,
15/09/2020 ,8677,1037,7640,12.00%,11472,2074,9398,18.1%,
16/09/2020 ,13090,1048,12042,8.00%,15747,3215,12532,20.4%,
17/09/2020 ,13012,1403,11609,10.80%,15665,2699,12966,17.2%,
18/09/2020 ,13890,1166,12724,8.40%,16387,2842,13545,17.3%,
19/09/2020 ,11118,1177,9941,10.60%,14296,2878,11418,20.1%,
20/09/2020 ,6818,929,5889,13.60%,8583,1824,6759,21.3%,
21/09/2020 ,14050,1265,12785,9.00%,17814,3127,14687,17.6%,
22/09/2020 ,12368,1187,11181,9.60%,14999,2424,12575,16.2%,
23/09/2020 ,12446,937,11509,7.50%,15558,2754,12804,17.7%,
24/09/2020 ,14461,1199,13262,8.30%,17423,2801,14622,16.1%,
25/09/2020 ,13100,1253,11847,9.60%,16250,2814,13436,17.3%,
26/09/2020 ,12736,1305,11431,10.20%,15920,2653,13267,16.7%,
27/09/2020 ,6127,807,5320,13.20%,9014,1724,7290,19.1%,
28/09/2020 ,10211,1204,9007,11.80%,13092,2157,10935,16.5%,
29/09/2020 ,13569,1253,12316,9.20%,16962,2658,14304,15.7%,
30/09/2020 ,11914,1141,10773,9.60%,14893,2607,12286,17.5%,
1/10/2020,10648,1103,9545,10.40%,13311,2428,10883,18.2%,
2/10/2020,11800,1110,10690,9.40%,14750,2385,12365,16.2%,
3/10/2020,11265,1141,10124,10.10%,14082,2562,11520,18.2%,
4/10/2020,5066,696,4370,13.70%,7514,1505,6009,20.0%,
5/10/2020,10756,1082,9674,10.10%,13445,2434,11011,18.1%,
6/10/2020,11702,1091,10611,9.30%,14628,2526,12102,17.3%,
7/10/2020,12335,1140,11195,9.20%,15419,2497,12922,16.2%,
8/10/2020,12432,1173,11259,9.40%,15540,2154,13386,13.9%,
9/10/2020,12421,1103,11318,8.90%,15148,2466,12682,16.3%,
10/10/2020,10074,1117,8957,11.10%,13636,1981,11655,14.5%,
11/10/2020,7834,893,6941,11.40%,9759,1572,8187,16.1%,
12/10/2020,14336,1612,12724,11.20%,17483,2899,14584,16.6%,
13/10/2020 ,12339,1270,11069,10.30%,15499,2378,13121,15.3%,
14/10/2020 ,13165,1324,11841,10.10%,16056,2476,13580,15.4%,
15/10/2020 ,12158,1101,11057,9.10%,15114,2475,12639,16.4%,
16/10/2020 ,9877,951,8926,9.60%,12663,1879,10784,14.8%,
17/10/2020 ,8767,913,7854,10.40%,11240,1952,9288,17.4%,
18/10/2020 ,5785,667,5118,11.50%,6963,979,5984,14.1%,
19/10/2020 ,10070,899,9171,8.90%,12588,1770,10818,14.1%,
20/10/2020 ,10412,1002,9410,9.60%,13016,2008,11008,15.4%,
21/10/2020 ,12520,1094,11426,8.70%,15651,2069,13582,13.2%,
22/10/2020 ,10631,937,9694,8.80%,13289,1825,11464,13.7%,
23/10/2020 ,10377,877,9500,8.50%,12766,1941,10825,15.2%,
24/10/2020 ,11012,1005,10007,9.10%,13192,1971,11221,14.9%,
25/10/2020 ,4701,550,4151,11.70%,5692,967,4725,17.0%,
26/10/2020 ,10221,842,9379,8.20%,12277,1620,10657,13.2%,
27/10/2020 ,13815,981,12834,7.10%,15433,2064,13369,13.4%,
28/10/2020 ,10021,803,9218,8.00%,12228,1851,10377,15.1%,
29/10/2020 ,4932,604,4328,12.20%,6255,1072,5183,17.1%,
30/10/2020 ,8870,665,8205,7.50%,10395,1683,8712,16.2%,
31/10/2020 ,7328,668,6660,9.10%,9414,1561,7853,16.6%,
1/11/2020,4199,620,3579,14.80%,6055,905,5150,14.9%,
2/11/2020,8215,782,7433,9.50%,11107,1398,9709,12.6%,
3/11/2020,12127,1096,11031,9.00%,14500,2048,12452,14.1%,
4/11/2020,12245,1205,11040,9.80%,14246,1946,12300,13.7%,
5/11/2020,10271,1096,9175,10.70%,12261,1568,10693,12.8%,
6/11/2020,11151,1069,10082,9.60%,13591,1747,11844,12.9%,
7/11/2020,10451,988,9463,9.50%,12829,1842,10987,14.4%,
8/11/2020,5312,570,4742,10.70%,7382,997,6385,13.5%,
9/11/2020,8621,786,7835,9.10%,10973,1510,9463,13.8%,
10/11/2020,13812,1028,12784,7.40%,15375,2157,13218,14.0%,
11/11/2020,12981,971,12010,7.50%,15081,2296,12785,15.2%,
12/11/2020,13451,1020,12431,7.60%,15842,2291,13551,14.5%,
13/11/2020 ,10812,987,9825,9.10%,13160,1802,11358,13.7%,
14/11/2020 ,12651,949,11702,7.50%,14553,2478,12075,17.0%,
15/11/2020 ,8081,844,7237,10.40%,9328,2057,7271,22.1%,
16/11/2020 ,11913,1158,10755,9.70%,13717,2224,11493,16.2%,
17/11/2020 ,14981,1239,13742,8.30%,16291,2769,13522,17.0%,
18/11/2020 ,12891,1137,11754,8.80%,14303,1894,12409,13.2%,
19/11/2020 ,13251,1205,12046,9.10%,15251,2622,12629,17.2%,
20/11/2020 ,13988,1216,12772,8.70%,16016,2918,13098,18.2%,
21/11/2020 ,13781,1144,12637,8.30%,15563,2767,12796,17.8%,
22/11/2020 ,8991,1009,7982,11.20%,11111,1979,9132,17.8%,
23/11/2020 ,14101,1202,12899,8.50%,16162,2445,13717,15.1%,
24/11/2020 ,17871,1291,16580,7.20%,20276,3555,16721,17.5%,
25/11/2020 ,15381,1124,14257,7.30%,17836,3787,14049,21.2%,
26/11/2020 ,15821,1285,14536,8.10%,18214,3469,14745,19.0%,
27/11/2020 ,15122,1320,13802,8.70%,17642,3598,14044,20.4%,
28/11/2020 ,14412,1140,13272,7.90%,16473,3745,12728,22.7%,
29/11/2020 ,7983,907,7076,11.40%,10500,1795,8705,17.1%,
30/11/2020 ,14812,1218,13594,8.20%,17275,2610,14665,15.1%,
1/12/2020,17812,1248,16564,7.00%,19782,3568,16214,18.0%,
2/12/2020,14211,1303,12908,9.20%,16183,3273,12910,20.2%,
3/12/2020,14671,1232,13439,8.40%,17106,3169,13937,18.5%,
4/12/2020,16534,1510,15024,9.10%,19014,3444,15570,18.1%,
5/12/2020,14671,1168,13503,8.00%,17437,3642,13795,20.9%,
6/12/2020,7812,936,6876,12.00%,9399,2358,7041,25.1%,
7/12/2020,15711,1254,14457,8.00%,17721,3339,14382,18.8%,
8/12/2020,13678,1352,12326,9.90%,15915,3190,12725,20.0%,
9/12/2020,15061,1180,13881,7.80%,17326,2692,14634,15.5%,
10/12/2020,16712,1447,15265,8.70%,19322,3906,15416,20.2%,
11/12/2020,15921,1346,14575,8.50%,18042,3463,14579,19.2%,
12/12/2020,12321,1443,10878,11.70%,13779,3152,10627,22.9%,
13/12/2020 ,7121,1190,5931,16.70%,9258,2025,7233,21.9%,
14/12/2020 ,14125,1407,12718,10.00%,16536,3529,13007,21.3%,
15/12/2020 ,16123,1675,14448,10.40%,20013,4117,15896,20.6%,
16/12/2020 ,19211,1888,17323,9.80%,21754,4951,16803,22.8%,
17/12/2020 ,21021,1952,19069,9.30%,24343,4999,19344,20.5%,
18/12/2020 ,18100,1772,16328,9.80%,21044,4292,16752,20.4%,
19/12/2020 ,12812,1311,11501,10.20%,14905,3535,11370,23.7%,
20/12/2020 ,8314,1151,7163,13.80%,10298,2265,8033,22.0%,
21/12/2020 ,17312,2028,15284,11.70%,19709,4368,15341,22.2%,
22/12/2020 ,15524,1652,13872,10.60%,18364,4284,14080,23.3%,
23/12/2020 ,19341,2070,17271,10.70%,21881,5089,16792,23.3%,
24/12/2020 ,18471,1899,16572,10.30%,20883,5119,15764,24.5%,
25/12/2020 ,10882,1881,9001,17.30%,12981,3867,9114,29.8%,
26/12/2020 ,10612,1531,9081,14.40%,12836,3412,9424,26.6%,
27/12/2020 ,10712,1294,9418,12.10%,12828,3539,9289,27.6%,
28/12/2020 ,20216,2181,18035,10.80%,22711,5842,16869,25.7%,
29/12/2020 ,20112,2547,17565,12.70%,23008,6740,16268,29.3%,
30/12/2020 ,19514,2565,16949,13.10%,22156,6529,15627,29.5%,
31/12/2020 ,16718,2321,14397,13.90%,18999,6088,12911,32.0%,
1/1/2021,7812,1281,6531,16.40%,9703,3273,6430,33.7%,
2/1/2021,12611,1960,10651,15.50%,15322,5195,10127,33.9%,
3/1/2021,10391,1671,8720,16.10%,12473,4153,8320,33.3%,
4/1/2021,18712,2186,16526,11.70%,21065,6074,14991,28.8%,
5/1/2021,19123,2420,16703,12.70%,21799,6628,15171,30.4%,
6/1/2021,22131,2481,19650,11.20%,24637,7354,17283,29.8%,
7/1/2021,20011,2834,17177,14.20%,22622,7163,15459,31.7%,
8/1/2021,20471,2774,17697,13.60%,23062,7184,15878,31.2%,
9/1/2021,17512,2892,14620,16.50%,19890,6416,13474,32.3%,
10/1/2021,10312,2346,7966,22.80%,12390,4380,8010,35.4%,
11/1/2021,14715,2869,11846,19.50%,17884,5609,12275,31.4%,
12/1/2021,16312,3088,13224,18.90%,19662,5787,13875,29.4%,
13/01/2021 ,19121,3214,15907,16.80%,22305,6839,15466,30.7%,
14/01/2021 ,20982,2759,18223,13.10%,23897,8169,15728,34.2%,
15/01/2021 ,22812,3217,19595,14.10%,25602,7679,17923,30.0%,
16/01/2021 ,17617,2559,15058,14.50%,20260,6842,13418,33.8%,
17/01/2021 ,12813,2361,10452,18.40%,14991,5254,9737,35.0%,
18/01/2021 ,20101,2839,17262,14.10%,23667,7974,15693,33.7%,
19/01/2021 ,20812,3126,17686,15.00%,23628,7273,16355,30.8%,
20/01/2021 ,23411,3174,20237,13.60%,25681,7942,17739,30.9%,
21/01/2021 ,24312,3719,20593,15.30%,26971,8889,18082,33.0%,
22/01/2021 ,22812,3350,19462,14.70%,25936,8708,17228,33.6%,
23/01/2021 ,18612,3612,15000,19.40%,21451,7621,13830,35.5%,
24/01/2021 ,16788,2572,14216,15.30%,19348,6040,13308,31.2%,
25/01/2021 ,17812,2038,15774,11.40%,20197,6831,13366,33.8%,
26/01/2021 ,19012,2136,16876,11.20%,21556,6146,15410,28.5%,
27/01/2021 ,20188,3026,17162,15.00%,24620,7222,17398,29.3%,
28/01/2021 ,21923,3143,18780,14.30%,24617,6443,18174,26.2%,
29/01/2021 ,20312,3160,17152,15.60%,23326,6774,16552,29.0%,
30/01/2021 ,18451,3474,14977,18.80%,20888,6207,14681,29.7%,
31/01/2021 ,10312,3102,7210,30.10%,12494,4101,8393,32.8%,
1/2/2021,16217,3362,12855,20.70%,18852,5389,13463,28.6%,
2/2/2021,18121,3567,14554,19.70%,21193,6480,14713,30.6%,
3/2/2021,17875,3632,14243,20.30%,21030,5793,15237,27.5%,
4/2/2021,19593,3340,16253,17.00%,22522,6344,16178,28.2%,
5/2/2021,17290,2379,14911,13.80%,19958,5312,14646,26.6%,
6/2/2021,17758,4213,13545,23.70%,20412,5505,14907,27.0%,
7/2/2021,10197,3144,7053,30.80%,11720,3182,8538,27.2%,
8/2/2021,16061,3437,12624,21.40%,18461,4167,14294,22.6%,
9/2/2021,17660,3309,14351,18.70%,20777,5508,15269,26.5%,
10/2/2021,16571,2514,14057,15.20%,19727,5252,14475,26.6%,
11/2/2021,17319,3810,13509,22.00%,19907,5026,14881,25.2%,
12/2/2021,11203,3018,8185,26.90%,13180,3781,9399,28.7%,
13/02/2021 ,13524,2496,11028,18.50%,16295,4795,11500,29.4%,
14/02/2021 ,8239,1879,6360,22.80%,9926,2727,7199,27.5%,
15/02/2021 ,10681,1861,8820,17.40%,13627,3461,10166,25.4%,
16/02/2021 ,9306,1445,7861,15.50%,11632,3253,8379,28.0%,
17/02/2021 ,9107,373,8734,4.10%,13642,4172,9470,30.6%,
18/02/2021 ,15973,1920,14053,12.00%,19480,5143,14337,26.4%,
19/02/2021 ,12292,2872,9420,23.40%,14293,3917,10376,27.4%,
20/02/2021 ,13045,2720,10325,20.90%,15717,4011,11706,25.5%,
21/02/2021 ,9312,2471,6841,26.50%,9897,2274,7623,23.0%,
22/02/2021 ,11429,782,10647,6.80%,14844,4027,10817,27.1%,
23/02/2021 ,14002,782,13220,5.60%,18185,4964,13221,27.3%,
24/02/2021 ,15038,1581,13457,10.50%,18340,4720,13620,25.7%,
25/02/2021 ,13802,1661,12141,12.00%,16238,3802,12436,23.4%,
26/02/2021 ,13432,1737,11695,12.90%,16184,4196,11988,25.9%,
27/02/2021 ,12559,2098,10461,16.70%,14775,4068,10707,27.5%,
28/02/2021 ,7797,2058,5739,26.40%,9828,2487,7341,25.3%,
1/3/2021,10394,578,9816,5.60%,13533,2884,10649,21.3%,
2/3/2021,20538,1437,19101,7.00%,25673,6521,19152,25.4%,
3/3/2021,14072,2008,12064,14.30%,17590,3883,13707,22.1%,
4/3/2021,12608,1159,11449,9.20%,15761,3477,12284,22.1%,
5/3/2021,8787,1616,7171,18.40%,11875,3639,8236,30.6%,
6/3/2021,8261,1834,6427,22.20%,10327,3116,7211,30.2%,
7/3/2021,11041,1783,9258,16.10%,5460,1356,4104,24.8%,
8/3/2021,12172,867,11305,7.10%,15215,3357,11858,22.1%,
9/3/2021,13813,1040,12773,7.50%,17709,4373,13336,24.7%,
10/3/2021,14611,1754,12857,12.00%,18264,4302,13962,23.6%,
11/3/2021,12062,1873,10189,15.50%,13865,2586,11279,18.7%,
12/3/2021,11376,1034,10342,9.10%,14220,3237,10983,22.8%,
13/03/2021 ,11932,1204,10728,10.10%,15700,4613,11087,29.4%,
14/03/2021 ,9342,1555,7787,16.60%,10739,1956,8783,18.2%,
15/03/2021 ,15239,835,14404,5.50%,19049,3952,15097,20.7%,
16/03/2021 ,13736,1330,12406,9.70%,19623,6834,12789,34.8%,
17/03/2021 ,15107,1719,13388,11.40%,18884,4075,14809,21.6%,
18/03/2021 ,11497,1588,9909,13.80%,14372,3103,11269,21.6%,
19/03/2021 ,13204,1937,11267,14.70%,16506,3572,12934,21.6%,
20/03/2021 ,10562,1638,8924,15.50%,13240,3137,10103,23.7%,
21/03/2021 ,8728,1474,7254,16.90%,10911,2093,8818,19.2%,
22/03/2021 ,10242,815,9427,8.00%,13132,2977,10155,22.7%,
23/03/2021 ,16096,890,15206,5.50%,20120,4133,15987,20.5%,
24/03/2021 ,12742,1726,11016,13.50%,15928,3326,12602,20.9%,
25/03/2021 ,13080,1381,11699,10.60%,16350,3064,13286,18.7%,
26/03/2021 ,13086,1354,11732,10.30%,16714,3259,13455,19.5%,
27/03/2021 ,12292,1470,10822,12.00%,15365,2520,12845,16.4%,
28/03/2021 ,7497,1014,6483,13.50%,9372,1373,7999,14.7%,
29/03/2021 ,11412,384,11028,3.40%,14632,2722,11910,18.6%,
30/03/2021 ,13420,965,12455,7.20%,16366,3120,13246,19.1%,
31/03/2021 ,12124,1337,10787,11.00%,15156,2822,12334,18.6%,
1/4/2021,11141,1240,9901,11.10%,13927,2485,11442,17.8%,
2/4/2021,7516,1098,6418,14.60%,9396,1478,7918,15.7%,
3/4/2021,7694,736,6958,9.60%,10124,1744,8380,17.2%,
4/4/2021,7333,523,6810,7.10%,9778,1785,7993,18.3%,
5/4/2021,12620,487,12133,3.90%,15776,2821,12955,17.9%,
6/4/2021,12096,862,11234,7.10%,15918,2688,13230,16.9%,
7/4/2021,9603,1239,8364,12.90%,13296,2307,10989,17.4%,
8/4/2021,10548,1013,9535,9.60%,16708,2363,14345,14.1%,
9/4/2021,10442,977,9465,9.40%,16208,2356,13852,14.5%,
10/4/2021,8868,1031,7837,11.60%,14245,1818,12427,12.8%,
11/4/2021,7265,692,6573,9.50%,9082,1213,7869,13.4%,
12/4/2021,7576,828,6748,10.90%,14487,2357,12130,16.3%,
13/04/2021 ,12934,661,12273,5.10%,20115,3460,16655,17.2%,
14/04/2021 ,10673,1330,9343,12.50%,16048,2723,13325,17.0%,
15/04/2021 ,11191,979,10212,8.70%,16409,2576,13833,15.7%,
16/04/2021 ,10823,1037,9786,9.60%,14451,2115,12336,14.6%,
17/04/2021 ,6749,950,5799,14.10%,11844,1964,9880,16.6%,
18/04/2021 ,8565,973,7592,11.40%,11099,1551,9548,14.0%,
19/04/2021 ,8601,460,8141,5.30%,13690,2083,11607,15.2%,
20/04/2021 ,11434,602,10832,5.30%,14525,2487,12038,17.1%,
21/04/2021 ,10519,1266,9253,12.00%,13051,1796,11255,13.8%,
22/04/2021 ,8671,884,7787,10.20%,13863,2054,11809,14.8%,
23/04/2021 ,9747,907,8840,9.30%,14348,2382,11966,16.6%,
24/04/2021 ,7851,896,6955,11.40%,13980,2245,11735,16.1%,
25/04/2021 ,6846,749,6097,10.90%,8558,1480,7078,17.3%,
26/04/2021 ,7856,393,7463,5.00%,14746,2253,12493,15.3%,
27/04/2021 ,10830,639,10191,5.90%,14992,2325,12667,15.5%,
28/04/2021 ,9559,987,8572,10.30%,12120,1863,10257,15.4%,
29/04/2021 ,9712,789,8923,8.10%,14576,2600,11976,17.8%,
30/04/2021 ,9962,926,9036,9.30%,17048,2163,14885,12.7%,
1/5/2021,6957,854,6103,12.30%,11590,2128,9462,18.4%,
2/5/2021,6765,757,6008,11.20%,9020,888,8132,9.8%,
3/5/2021,8154,416,7738,5.10%,17082,2275,14807,13.3%,
4/5/2021,10686,845,9841,7.90%,17285,2448,14837,14.2%,
5/5/2021,11480,905,10575,7.90%,16710,2208,14502,13.2%,
6/5/2021,10752,783,9969,7.30%,17747,2114,15633,11.9%,
7/5/2021,9612,732,8880,7.60%,15473,2196,13277,14.2%,
8/5/2021,8206,809,7397,9.90%,13267,1968,11299,14.8%,
9/5/2021,6910,694,6216,10.00%,9872,2004,7868,20.3%,
10/5/2021,6139,406,5733,6.60%,9997,1711,8286,17.1%,
11/5/2021,8182,656,7526,8.00%,11689,1640,10049,14.0%,
12/5/2021,8229,785,7444,9.50%,11757,1730,10027,14.7%,
13/05/2021 ,4590,632,3958,13.80%,6121,923,5198,15.1%,
14/05/2021 ,4032,227,3805,5.60%,6056,912,5144,15.1%,
15/05/2021 ,3580,161,3419,4.50%,6760,969,5791,14.3%,
16/05/2021 ,4361,421,3940,9.70%,6230,930,5300,14.9%,
17/05/2021 ,4131,291,3840,7.00%,11350,1400,9950,12.3%,
18/05/2021 ,4494,539,3955,12.00%,10705,941,9764,8.8%,
19/05/2021 ,8307,895,7412,10.80%,10651,1895,8756,17.8%,
20/05/2021 ,8168,856,7312,10.50%,10473,1646,8827,15.7%,
21/05/2021 ,14265,932,13333,6.50%,20379,2184,18195,10.7%,
22/05/2021 ,8669,867,7802,10.00%,16501,1834,14667,11.1%,
23/05/2021 ,8361,819,7542,9.80%,10895,974,9921,8.9%,
24/05/2021 ,9341,384,8957,4.10%,13737,1893,11844,13.8%,
25/05/2021 ,13768,617,13151,4.50%,19669,2215,17454,11.3%,
26/05/2021 ,8524,940,7584,11.00%,11620,1189,10431,10.2%,
27/05/2021 ,9599,693,8906,7.20%,13241,1595,11646,12.0%,
28/05/2021 ,13247,807,12440,6.10%,18817,2425,16392,12.9%,
29/05/2021 ,10573,1064,9509,10.10%,15193,1890,13303,12.4%,
30/05/2021 ,7322,726,6596,9.90%,11265,1157,10108,10.3%,
31/05/2021 ,6847,519,6328,7.60%,15974,2207,13767,13.8%,
1/6/2021,6917,601,6316,8.70%,10325,1303,9022,12.6%,
2/6/2021,9849,714,9135,7.20%,14377,2204,12173,15.3%,
3/6/2021,14450,906,13544,6.30%,20055,2966,17089,14.8%,
4/6/2021,10605,1317,9288,12.40%,14603,2062,12541,14.1%,
5/6/2021,7625,1019,6606,13.40%,13465,2651,10814,19.7%,
6/6/2021,6698,1197,5501,17.90%,8921,1340,7581,15.0%,
7/6/2021,7237,755,6482,10.40%,12963,2629,10334,20.3%,
8/6/2021,11167,1376,9791,12.30%,15900,3553,12347,22.3%,
9/6/2021,12304,2096,10208,17.00%,17241,3852,13389,22.3%,
10/6/2021,13142,2293,10849,17.40%,17606,4176,13430,23.7%,
11/6/2021,13443,2455,10988,18.30%,17340,4560,12780,26.3%,
12/6/2021,11800,2769,9031,23.50%,16218,4455,11763,27.5%,
13/06/2021 ,11671,2722,8949,23.30%,10133,2384,7749,23.5%,
14/06/2021 ,8970,1502,7468,16.70%,14135,4417,9718,31.2%,
15/06/2021 ,15269,2376,12893,15.60%,21531,7283,14248,33.8%,
16/06/2021 ,16499,4144,12355,25.10%,24032,7730,16302,32.2%,
17/06/2021 ,17368,4737,12631,27.30%,24183,8222,15961,34.0%,
18/06/2021 ,16797,4895,11902,29.10%,24029,8346,15683,34.7%,
19/06/2021 ,16636,5582,11054,33.60%,18093,7381,10712,40.8%,
20/06/2021 ,15424,5014,10410,32.50%,15343,5018,10325,32.7%,
21/06/2021 ,14462,3221,11241,22.30%,21086,8291,12795,39.3%,
22/06/2021 ,19485,4693,14792,24.10%,28071,11787,16284,42.0%,
23/06/2021 ,20460,7505,12955,36.70%,26497,10898,15599,41.1%,
24/06/2021 ,20155,6934,13221,34.40%,29196,12364,16832,42.3%,
25/06/2021 ,22911,9271,13640,40.50%,31858,14904,16954,46.8%,
26/06/2021 ,24704,9394,15310,38.00%,28287,12832,15455,45.4%,
27/06/2021 ,24295,8348,15947,34.40%,25003,11005,13998,44.0%,
28/06/2021 ,22046,7379,14667,33.50%,26888,12387,14501,46.1%,
29/06/2021 ,22432,7680,14752,34.20%,28413,13307,15106,46.8%,
30/06/2021 ,21394,7541,13853,35.20%,30353,14747,15606,48.6%,
1/7/2021,25285,9399,15886,37.20%,32813,15502,17311,47.2%,
2/7/2021,24478,9702,14776,39.60%,34657,17056,17601,49.2%,
3/7/2021,24616,10485,14131,42.60%,33897,17509,16388,51.7%,
4/7/2021,27356,10903,16453,39.90%,25548,12378,13170,48.4%,
5/7/2021,25309,9439,15870,37.30%,35796,16617,19179,46.4%,
6/7/2021,25453,9366,16087,36.80%,42256,21821,20435,51.6%,
7/7/2021,28003,12974,15029,46.30%,43425,21270,22155,49.0%,
8/7/2021,31847,13112,18735,41.20%,44550,21969,22581,49.3%,
9/7/2021,30950,12920,18030,41.70%,44914,21149,23765,47.1%,
10/7/2021,35642,13133,22509,36.80%,39928,18848,21080,47.2%,
11/7/2021,35376,14619,20757,41.30%,30950,13518,17432,43.7%,
12/7/2021,31632,12182,19450,38.50%,40088,17049,23039,42.5%,
13/07/2021 ,43067,12667,30400,29.40%,57428,25021,32407,43.6%,
14/07/2021 ,41734,12691,29043,30.40%,53012,23205,29807,43.8%,
15/07/2021 ,41580,12415,29165,29.90%,52529,22927,29602,43.6%,
16/07/2021 ,38512,10168,28344,26.40%,48237,19882,28355,41.2%,
17/07/2021 ,34278,9128,25150,26.60%,43385,17322,26063,39.9%,
18/07/2021 ,21828,5000,16828,22.90%,28653,10795,17858,37.7%,
19/07/2021 ,30678,6213,24465,20.30%,38760,14117,24643,36.4%,
20/07/2021 ,26083,5904,20179,22.60%,32228,13185,19043,40.9%,
21/07/2021 ,31541,7058,24483,22.40%,39828,15712,24116,39.4%,
22/07/2021 ,35589,8033,27556,22.60%,45234,17280,27954,38.2%,
23/07/2021 ,32547,8360,24187,25.70%,42040,14930,27110,35.5%,
24/07/2021 ,27435,5393,22042,19.70%,36462,12720,23742,34.9%,
25/07/2021 ,24602,2662,21940,10.80%,22709,6966,15743,30.7%,
26/07/2021 ,23979,3567,20412,14.90%,30153,9339,20814,31.0%,
27/07/2021 ,28249,5525,22724,19.60%,40117,12117,28000,30.2%,
28/07/2021 ,25442,3845,21597,15.10%,32405,9349,23056,28.9%,
29/07/2021 ,23582,3454,20128,14.60%,30823,8650,22173,28.1%,
30/07/2021 ,24573,3329,21244,13.50%,29646,7869,21777,26.5%,
31/07/2021 ,19619,2701,16918,13.80%,28178,7516,20662,26.7%,
1/8/2021,11587,1410,10177,12.20%,17321,3843,13478,22.2%,
2/8/2021,15952,1601,14351,10.00%,22649,4823,17826,21.3%,
3/8/2021,25595,2982,22613,11.70%,32026,7052,24974,22.0%,
4/8/2021,21154,2311,18843,10.90%,26672,5797,20875,21.7%,
5/8/2021,20760,2185,18575,10.50%,25104,5087,20017,20.3%,
6/8/2021,20398,2008,18390,9.80%,26383,4870,21513,18.5%,
7/8/2021,17018,1649,15369,9.70%,24066,4193,19873,17.4%,
8/8/2021,8155,727,7428,8.90%,15585,2503,13082,16.1%,
9/8/2021,15094,1425,13669,9.40%,21854,3799,18055,17.4%,
10/8/2021,21813,1958,19855,9.00%,27847,4789,23058,17.2%,
11/8/2021,14615,1078,13537,7.40%,20956,2765,18191,13.2%,
12/8/2021,15419,1210,14209,7.80%,22829,3098,19731,13.6%,
13/08/2021 ,16144,1363,14781,8.40%,24202,3351,20851,13.8%,
14/08/2021 ,14374,1182,13192,8.20%,23307,3156,20151,13.5%,
15/08/2021 ,6076,513,5563,8.40%,14224,1606,12618,11.3%,
16/08/2021 ,11663,655,11008,5.60%,20685,2186,18499,10.6%,
17/08/2021 ,12623,1029,11594,8.20%,19340,2435,16905,12.6%,
18/08/2021 ,11136,731,10405,6.60%,17925,1924,16001,10.7%,
19/08/2021 ,11742,969,10773,8.30%,20450,2462,17988,12.0%,
20/08/2021 ,13518,891,12627,6.60%,18883,2236,16647,11.8%,
21/08/2021 ,11555,701,10854,6.10%,17607,1654,15953,9.4%,
22/08/2021 ,8317,485,7832,5.80%,12792,1086,11706,8.5%,
23/08/2021 ,9206,484,8722,5.30%,15483,1374,14109,8.9%,
24/08/2021 ,15471,789,14682,5.10%,22467,1943,20524,8.6%,
25/08/2021 ,12823,574,12249,4.50%,18377,1466,16911,8.0%,
26/08/2021 ,16879,638,16241,3.80%,20776,1662,19114,8.0%,
27/08/2021 ,14187,468,13719,3.30%,17462,1282,16180,7.3%,
28/08/2021 ,14584,474,14110,3.30%,18696,1233,17463,6.6%,
29/08/2021 ,8657,341,8316,3.90%,11784,712,11072,6.0%,
30/08/2021 ,16231,399,15832,2.50%,18427,1030,17397,5.6%,
31/08/2021 ,18231,673,17558,3.70%,21743,1107,20636,5.1%,
1/9/2021,13941,430,13511,3.10%,19460,1108,18352,5.7%,
2/9/2021,13431,343,13088,2.60%,19352,1023,18329,5.3%,
3/9/2021,14685,360,14325,2.50%,19476,863,18613,4.4%,
4/9/2021,12141,303,11838,2.50%,18651,773,17878,4.1%,
5/9/2021,11183,217,10966,1.90%,12795,503,12292,3.9%,
6/9/2021,13151,262,12889,2.00%,17414,664,16750,3.8%,
7/9/2021,19121,428,18693,2.20%,22563,894,21669,4.0%,
8/9/2021,18285,308,17977,1.70%,19871,703,19168,3.5%,
9/9/2021,18047,261,17786,1.40%,18575,668,17907,3.6%,
10/9/2021,17209,268,16941,1.60%,20438,570,19868,2.8%,
11/9/2021,19577,306,19271,1.60%,21077,622,20455,3.0%,
12/9/2021,13840,187,13653,1.40%,16197,364,15833,2.2%,
13/09/2021 ,15592,190,15402,1.20%,17350,450,16900,2.6%,
14/09/2021 ,20532,305,20227,1.50%,23506,628,22878,2.7%,
15/09/2021 ,16660,176,16484,1.10%,19147,399,18748,2.1%,
16/09/2021 ,14910,206,14704,1.40%,17095,423,16672,2.5%,
17/09/2021 ,17660,200,17460,1.10%,19859,402,19457,2.0%,
18/09/2021 ,17459,155,17304,0.90%,19023,335,18688,1.8%,
19/09/2021 ,12877,91,12786,0.70%,14005,201,13804,1.4%,
20/09/2021 ,13769,106,13663,0.80%,16223,308,15915,1.9%,
21/09/2021 ,19402,227,19175,1.20%,21565,476,21089,2.2%,
22/09/2021 ,18376,165,18211,0.90%,20488,382,20106,1.9%,
23/09/2021 ,18526,181,18345,1.00%,19502,388,19114,2.0%,
24/09/2021 ,17438,133,17305,0.80%,19473,272,19201,1.4%,
25/09/2021 ,18351,168,18183,0.90%,19134,326,18808,1.7%,
26/09/2021 ,13724,103,13621,0.80%,14471,186,14285,1.3%,
27/09/2021 ,13943,104,13839,0.70%,15763,271,15492,1.7%,
28/09/2021 ,18523,177,18346,1.00%,21048,265,20783,1.3%,
29/09/2021 ,17365,149,17216,0.90%,19489,317,19172,1.6%,
30/09/2021 ,18240,151,18089,0.80%,20271,285,19986,1.4%,
1/10/2021,18445,155,18290,0.80%,20720,271,20449,1.3%,
2/10/2021,17832,127,17705,0.70%,19128,245,18883,1.3%,
3/10/2021,13384,149,13235,1.10%,14574,227,14347,1.6%,
4/10/2021,12844,72,12772,0.60%,18181,180,18001,1.0%,
5/10/2021,21780,203,21577,0.90%,23718,351,23367,1.5%,
6/10/2021,18395,149,18246,0.80%,21680,254,21426,1.2%,
7/10/2021,19404,150,19254,0.80%,21329,263,21066,1.2%,
8/10/2021,17794,100,17694,0.60%,20247,208,20039,1.0%,
9/10/2021,18605,140,18465,0.80%,21640,217,21423,1.0%,
10/10/2021,12260,41,12219,0.30%,14450,87,14363,0.6%,
11/10/2021,16889,143,16746,0.80%,18190,204,17986,1.1%,
12/10/2021,21231,278,20953,1.30%,23991,335,23656,1.4%,
13/10/2021 ,17864,113,17751,0.60%,20074,188,19886,0.9%,
14/10/2021 ,20351,124,20227,0.60%,22365,210,22155,0.9%,
15/10/2021 ,22549,154,22395,0.70%,25348,225,25123,0.9%,
16/10/2021 ,21227,131,21096,0.60%,22586,229,22357,1.0%,
17/10/2021 ,14349,107,14242,0.70%,16191,123,16068,0.8%,
18/10/2021 ,14429,106,14323,0.70%,16992,171,16821,1.0%,
19/10/2021 ,22453,103,22350,0.50%,24416,185,24231,0.8%,
20/10/2021 ,21758,89,21669,0.40%,24736,161,24575,0.7%,
21/10/2021 ,20511,83,20428,0.40%,22506,123,22383,0.5%,
22/10/2021 ,23401,116,23285,0.50%,26647,197,26450,0.7%,
23/10/2021 ,23593,131,23462,0.60%,26873,205,26668,0.8%,
24/10/2021 ,20235,82,20153,0.40%,22284,127,22157,0.6%,
25/10/2021 ,19306,37,19269,0.20%,21850,98,21752,0.4%,
26/10/2021 ,25232,105,25127,0.40%,27576,168,27408,0.6%,
27/10/2021 ,26464,131,26333,0.50%,31481,200,31281,0.6%,
28/10/2021 ,25283,96,25187,0.40%,28270,156,28114,0.6%,
29/10/2021 ,24574,96,24478,0.40%,26660,151,26509,0.6%,
30/10/2021 ,25218,113,25105,0.40%,27304,137,27167,0.5%,
31/10/2021 ,17331,83,17248,0.50%,19474,124,19350,0.6%,
1/11/2021,19417,77,19340,0.40%,22540,126,22414,0.6%,
2/11/2021,26076,132,25944,0.50%,28096,179,27917,0.6%,
3/11/2021,23477,111,23366,0.50%,25542,164,25378,0.6%,
4/11/2021,19214,119,19095,0.60%,21591,163,21428,0.8%,
5/11/2021,18245,69,18176,0.40%,20434,115,20319,0.6%,
6/11/2021,16615,117,16498,0.70%,18886,153,18733,0.8%,
7/11/2021,9511,29,9482,0.30%,11733,52,11681,0.4%,
8/11/2021,14697,94,14603,0.60%,16943,118,16825,0.7%,
9/11/2021,17374,95,17279,0.50%,20087,115,19972,0.6%,
10/11/2021,17264,107,17157,0.60%,19736,154,19582,0.8%,
11/11/2021,15336,71,15265,0.50%,16516,122,16394,0.7%,
12/11/2021,15674,54,15620,0.30%,17092,88,17004,0.5%,
13/11/2021 ,17445,92,17353,0.50%,19402,126,19276,0.6%,
14/11/2021 ,9564,36,9528,0.40%,11752,50,11702,0.4%,
15/11/2021 ,11402,79,11323,0.70%,13361,60,13301,0.4%,
16/11/2021 ,15629,130,15499,0.80%,17761,142,17619,0.8%,
17/11/2021 ,17131,100,17031,0.60%,19361,109,19252,0.6%,
18/11/2021 ,16614,97,16517,0.60%,18539,119,18420,0.6%,
19/11/2021 ,14882,114,14768,0.80%,16985,116,16869,0.7%,
20/11/2021 ,16109,111,15998,0.70%,17138,121,17017,0.7%,
21/11/2021 ,10428,26,10402,0.20%,12565,46,12519,0.4%,
22/11/2021 ,14261,69,14192,0.50%,15336,98,15238,0.6%,
23/11/2021 ,16878,82,16796,0.50%,19011,109,18902,0.6%,
24/11/2021 ,15369,54,15315,0.40%,17077,91,16986,0.5%,
25/11/2021 ,15137,70,15067,0.50%,16454,82,16372,0.5%,
26/11/2021 ,15116,54,15062,0.40%,16267,76,16191,0.5%,
27/11/2021 ,12527,51,12476,0.40%,13940,60,13880,0.4%,
28/11/2021 ,12196,41,12155,0.30%,13278,62,13216,0.5%,
29/11/2021 ,12551,44,12507,0.40%,15141,117,15024,0.8%,
30/11/2021 ,16423,70,16353,0.40%,19071,124,18947,0.7%,
1/12/2021,15289,28,15261,0.20%,16684,42,16642,0.3%,
2/12/2021,14524,42,14482,0.30%,16879,85,16794,0.5%,
3/12/2021,13796,48,13748,0.30%,15523,60,15463,0.4%,
4/12/2021,15314,43,15271,0.30%,16150,61,16089,0.4%,
5/12/2021,7787,14,7773,0.20%,9858,24,9834,0.2%,
6/12/2021,9519,31,9488,0.30%,12269,52,12217,0.4%,
7/12/2021,17151,41,17110,0.20%,19176,71,19105,0.4%,
8/12/2021,14679,36,14643,0.20%,16696,69,16627,0.4%,
9/12/2021,13320,26,13294,0.20%,14803,44,14759,0.3%,
10/12/2021,15304,32,15272,0.20%,17009,55,16954,0.3%,
11/12/2021,14197,32,14165,0.20%,15121,50,15071,0.3%,
12/12/2021,11401,16,11385,0.10%,12553,30,12523,0.2%,
13/12/2021 ,10130,20,10110,0.20%,11630,39,11591,0.3%,
14/12/2021 ,14367,23,14344,0.20%,15458,33,15425,0.2%,
15/12/2021 ,16251,40,16211,0.20%,17664,52,17612,0.3%,
16/12/2021 ,18257,38,18219,0.20%,19421,58,19363,0.3%,
17/12/2021 ,15379,74,15305,0.50%,17477,76,17401,0.4%,
18/12/2021 ,15153,43,15110,0.30%,16293,98,16195,0.6%,
19/12/2021 ,12587,38,12549,0.30%,13986,60,13926,0.4%,
20/12/2021 ,15269,55,15214,0.40%,16073,64,16009,0.4%,
21/12/2021 ,15054,43,15011,0.30%,16363,59,16304,0.4%,
22/12/2021 ,15079,16,15063,0.10%,15873,26,15847,0.2%,
23/12/2021 ,14203,69,14134,0.50%,15336,100,15236,0.7%,
24/12/2021 ,14223,80,14143,0.60%,15339,151,15188,1.0%,
25/12/2021 ,10342,47,10295,0.50%,11524,68,11456,0.6%,
26/12/2021 ,9549,42,9507,0.40%,10523,46,10492,0.4%,
27/12/2021 ,12038,96,11942,0.80%,12344,103,12251,0.8%,
28/12/2021 ,14302,27,14275,0.20%,15892,133,15759,0.8%,
29/12/2021 ,11109,53,11056,0.50%,12344,82,12262,0.7%,
30/12/2021 ,11608,87,11521,0.70%,12898,90,12808,0.7%,
31/12/2021 ,13075,118,12957,0.90%,13764,118,13646,0.9%,
1/1/2022,9458,103,9355,1.10%,10394,119,10275,1.1%,
2/1/2022,9521,172,9349,1.80%,10023,177,9846,1.8%,
3/1/2022,11419,115,11304,1.00%,12021,133,11888,1.1%,
4/1/2022,13289,259,13030,1.90%,14766,308,14458,2.1%,
5/1/2022,13027,267,12760,2.00%,13093,269,12824,2.1%,
6/1/2022,13259,300,12959,2.30%,14258,592,13666,4.2%,
7/1/2022,12711,278,12433,2.20%,12971,258,12713,2.0%,
8/1/2022,14858,393,14465,2.60%,15641,398,15243,2.5%,
9/1/2022,11292,360,10932,3.20%,11523,365,11158,3.2%,
10/1/2022,13106,537,12569,4.10%,13512,549,12963,4.1%,
11/1/2022,13965,412,13553,3.00%,14251,460,13791,3.2%,
12/1/2022,13820,478,13342,3.50%,14396,483,13913,3.4%,
13/01/2022 ,18143,554,17589,3.10%,18327,570,17757,3.1%,
14/01/2022 ,18046,720,17326,4.00%,18137,763,17374,4.2%,
15/01/2022 ,17748,566,17182,3.20%,18111,571,17540,3.2%,
16/01/2022 ,12741,493,12248,3.90%,13701,572,13129,4.2%,
17/01/2022 ,13605,670,12935,4.90%,14322,1205,13117,8.4%,
18/01/2022 ,17249,1012,16237,5.90%,17425,1070,16355,6.1%,
19/01/2022 ,19560,1155,18405,5.90%,19758,1350,18408,6.8%,
20/01/2022 ,21643,1484,20159,6.90%,22085,1692,20393,7.7%,
21/01/2022 ,22117,1825,20292,8.30%,23282,2146,21136,9.2%,
22/01/2022 ,19130,1739,17391,9.10%,19722,2022,17700,10.3%,
23/01/2022 ,18113,1993,16120,11.00%,18868,2176,16692,11.5%,
24/01/2022 ,19533,2190,17343,11.20%,20562,3130,17432,15.2%,
25/01/2022 ,27395,3509,23886,12.80%,29458,5087,24371,17.3%,
26/01/2022 ,29894,4149,25745,13.90%,32494,6086,26408,18.7%,
27/01/2022 ,31120,4558,26562,14.60%,33463,6184,27279,18.5%,
28/01/2022 ,34609,5765,28844,16.70%,37215,7953,29262,21.4%,
29/01/2022 ,37417,6613,30804,17.70%,39387,7905,31482,20.1%,
30/01/2022 ,29951,5268,24683,17.60%,31546,6820,24726,21.6%,
31/01/2022 ,35683,6391,29292,17.90%,38369,9821,28548,25.6%,
1/2/2022,42329,9132,33197,21.60%,45516,12196,33320,26.8%,
2/2/2022,48365,10317,38048,21.30%,58272,17336,40936,29.8%,
3/2/2022,55471,13179,42292,23.80%,67648,21881,45767,32.3%,
4/2/2022,59293,12774,46519,21.50%,70587,22158,48429,31.4%,
5/2/2022,60406,15825,44581,26.20%,73666,28220,45446,38.3%,
6/2/2022,53369,12682,40687,23.80%,62788,21938,40850,34.9%,
7/2/2022,47982,10817,37165,22.50%,57810,20132,37678,34.8%,
8/2/2022,55262,14353,40909,26.00%,69953,27874,42079,39.8%,
9/2/2022,43363,11090,32273,25.60%,53535,20373,33162,38.1%,
10/2/2022,60664,10707,49957,17.60%,86663,33810,52853,39.0%,
11/2/2022,48831,12417,36414,25.40%,62604,25131,37473,40.1%,
12/2/2022,57063,10172,46891,17.80%,77427,30508,46919,39.4%,
13/02/2022 ,47037,10275,36762,21.80%,59921,22800,37121,38.1%,
14/02/2022 ,45132,9482,35650,21.00%,58236,22109,36127,38.0%,
15/02/2022 ,56203,12388,43815,22.00%,74938,29060,45878,38.8%,
16/02/2022 ,58034,8536,49498,14.70%,81880,31866,50014,38.9%,
17/02/2022 ,57003,8189,48814,14.40%,77504,28622,48882,36.9%,
18/02/2022 ,53128,9453,43675,17.80%,65665,21918,43747,33.4%,
19/02/2022 ,50715,8136,42579,16.00%,61848,19011,42837,30.7%,
20/02/2022 ,42099,5358,36741,12.70%,50722,13463,37259,26.5%,
21/02/2022 ,41144,5208,35936,12.70%,51431,14580,36851,28.3%,
22/02/2022 ,53089,7295,45794,13.70%,65301,19341,45960,29.6%,
23/02/2022 ,42656,6855,35801,16.10%,52020,15598,36422,30.0%,
24/02/2022 ,40395,4524,35871,11.20%,51789,15838,35951,30.6%,
25/02/2022 ,40636,4675,35961,11.50%,49557,13132,36425,26.5%,
26/02/2022 ,36117,3957,32160,11.00%,44046,11418,32628,25.9%,
27/02/2022 ,33599,7300,26299,21.70%,35368,8509,26859,24.1%,
28/02/2022 ,28529,3634,24895,12.70%,32420,7005,25415,21.6%,
1/3/2022,34276,4196,30080,12.20%,39398,8655,30743,22.0%,
2/3/2022,35101,4669,30432,13.30%,40816,9743,31073,23.9%,
3/3/2022,29509,3727,25782,12.60%,33533,7436,26097,22.2%,
4/3/2022,27599,3059,24540,11.10%,31011,6221,24790,20.1%,
5/3/2022,30686,3669,27017,12.00%,34871,7679,27192,22.0%,
6/3/2022,27104,2693,24411,9.90%,30116,5447,24669,18.1%,
7/3/2022,26370,3569,22801,13.50%,29966,6364,23602,21.2%,
8/3/2022,30159,3872,26287,12.80%,33142,6501,26641,19.6%,
9/3/2022,27247,3546,23701,13.00%,30275,5818,24457,19.2%,
10/3/2022,22414,2548,19866,11.40%,25764,5373,20391,20.9%,
11/3/2022,22022,2105,19917,9.60%,25313,4755,20558,18.8%,
12/3/2022,19114,1874,17240,9.80%,21238,3993,17245,18.8%,
13/03/2022 ,16622,1307,15315,7.90%,18677,3106,15571,16.6%,
14/03/2022 ,19683,1571,18112,8.00%,21877,3468,18409,15.9%,
15/03/2022 ,21044,1706,19338,8.10%,23383,3951,19432,16.9%,
16/03/2022 ,18493,1583,16910,8.60%,20548,3556,16992,17.3%,
17/03/2022 ,17927,1516,16411,8.50%,19700,3088,16612,15.7%,
18/03/2022 ,17820,1485,16335,8.30%,19370,2723,16647,14.1%,
19/03/2022 ,16376,1167,15209,7.10%,18196,2506,15690,13.8%,
20/03/2022 ,12582,862,11720,6.90%,13981,1871,12110,13.4%,
21/03/2022 ,14202,1012,13190,7.10%,15780,2365,13415,15.0%,
22/03/2022 ,16299,1235,15064,7.60%,18110,2398,15712,13.2%,
23/03/2022 ,16179,1067,15112,6.60%,18078,2124,15954,11.7%,
24/03/2022 ,15095,890,14205,5.90%,16773,1996,14777,11.9%,
25/03/2022 ,14589,796,13793,5.50%,16211,1686,14525,10.4%,
26/03/2022 ,12093,594,11499,4.90%,14228,1477,12751,10.4%,
27/03/2022 ,8676,573,8103,6.60%,9640,1214,8426,12.6%,
28/03/2022 ,12361,742,11619,6.00%,13735,1503,12232,10.9%,
29/03/2022 ,14185,901,13284,6.40%,15468,1696,13772,11.0%,
30/03/2022 ,14238,729,13509,5.10%,15821,1447,14374,9.1%,
31/03/2022 ,14543,641,13902,4.40%,16164,1320,14844,8.2%,
1/4/2022,12871,633,12238,4.90%,14145,1272,12873,9.0%,
2/4/2022,12097,612,11485,5.10%,13442,1294,12148,9.6%,
3/4/2022,9646,488,9158,5.10%,10485,971,9514,9.3%,
4/4/2022,11329,568,10761,5.00%,12578,1154,11424,9.2%,
5/4/2022,12203,753,11450,6.20%,13122,1102,12020,8.4%,
6/4/2022,10421,674,9747,6.50%,11790,1051,10739,8.9%,
7/4/2022,10469,592,9877,5.70%,11897,982,10915,8.3%,
8/4/2022,9047,450,8597,5.00%,10719,931,9788,8.7%,
9/4/2022,9364,370,8994,4.00%,11575,771,10804,6.7%,
10/4/2022,7261,312,6949,4.30%,8707,672,8035,7.7%,
11/4/2022,7993,355,7638,4.40%,9867,747,9120,7.6%,
12/4/2022,9871,399,9472,4.00%,12262,742,11520,6.1%,
13/04/2022 ,8859,372,8487,4.20%,11063,697,10366,6.3%,
14/04/2022 ,8205,310,7895,3.80%,10262,575,9687,5.6%,
15/04/2022 ,5983,193,5790,3.20%,7857,427,7430,5.4%,
16/04/2022 ,6496,195,6301,3.00%,8120,435,7685,5.4%,
17/04/2022 ,6279,170,6109,2.70%,8178,442,7736,5.4%,
18/04/2022 ,7253,179,7074,2.50%,9548,373,9175,3.9%,
19/04/2022 ,9645,231,9414,2.40%,11729,404,11325,3.4%,
20/04/2022 ,7843,159,7684,2.00%,9748,301,9447,3.1%,
21/04/2022 ,8643,215,8428,2.50%,10843,386,10457,3.6%,
22/04/2022 ,7871,172,7699,2.20%,9841,308,9533,3.1%,
23/04/2022 ,7439,135,7304,1.80%,9831,225,9606,2.3%,
24/04/2022 ,5214,101,5113,1.90%,7743,231,7512,3.0%,
25/04/2022 ,7819,199,7620,2.50%,9537,345,9192,3.6%,
26/04/2022 ,7902,130,7772,1.60%,10405,239,10166,2.3%,
27/04/2022 ,8273,113,8160,1.40%,10591,201,10390,1.9%,
28/04/2022 ,6817,126,6691,1.80%,8525,234,8291,2.7%,
29/04/2022 ,6745,151,6594,2.20%,8123,231,7892,2.8%,
30/04/2022 ,3739,81,3658,2.20%,5761,169,5592,2.9%,
1/5/2022,3341,88,3253,2.60%,4476,148,4328,3.3%,
2/5/2022,1368,40,1328,2.90%,1972,66,1906,3.3%,
3/5/2022,2310,62,2248,2.70%,3428,111,3317,3.2%,
4/5/2022,4029,86,3943,2.10%,5400,127,5273,2.4%,
5/5/2022,4337,89,4248,2.10%,5965,143,5822,2.4%,
6/5/2022,4792,62,4730,1.30%,6002,104,5898,1.7%,
7/5/2022,4273,78,4195,1.80%,7388,114,7274,1.5%,
8/5/2022,7508,102,7406,1.40%,9667,126,9541,1.3%,
9/5/2022,9914,150,9764,1.50%,12379,202,12177,1.6%,
10/5/2022,9521,129,9392,1.40%,12568,440,12128,3.5%,
11/5/2022,8951,100,8851,1.10%,10911,192,10719,1.8%,
12/5/2022,8795,101,8694,1.10%,10476,134,10342,1.3%,
13/05/2022 ,9032,114,8918,1.30%,10943,185,10758,1.7%,
14/05/2022 ,7856,93,7763,1.20%,9239,143,9096,1.5%,
15/05/2022 ,4688,70,4618,1.50%,5515,104,5411,1.9%,
16/05/2022 ,5934,75,5859,1.30%,7458,134,7324,1.8%,
17/05/2022 ,7932,113,7819,1.40%,9915,184,9731,1.9%,
18/05/2022 ,9037,90,8947,1.00%,11311,176,11135,1.6%,
19/05/2022 ,7239,82,7157,1.10%,9049,146,8903,1.6%,
20/05/2022 ,6705,93,6612,1.40%,7889,146,7743,1.9%,
21/05/2022 ,6438,110,6328,1.70%,7309,161,7148,2.2%,
22/05/2022 ,4942,58,4884,1.20%,5824,105,5719,1.8%,
23/05/2022 ,6737,148,6589,2.20%,7926,251,7675,3.2%,
24/05/2022 ,8173,128,8045,1.60%,10015,202,9813,2.0%,
25/05/2022 ,6389,124,6265,1.90%,7985,165,7820,2.1%,
26/05/2022 ,5818,110,5708,1.90%,6845,157,6688,2.3%,
27/05/2022 ,4702,104,4598,2.20%,5670,159,5511,2.8%,
28/05/2022 ,5473,89,5384,1.60%,6467,163,6304,2.5%,
29/05/2022 ,4103,81,4022,2.00%,4948,136,4812,2.7%,
30/05/2022 ,5381,132,5249,2.50%,6358,220,6138,3.5%,
31/05/2022 ,6326,164,6162,2.60%,8158,300,7858,3.7%,
1/6/2022,5809,158,5651,2.70%,6675,234,6441,3.5%,
2/6/2022,5124,173,4951,3.40%,5972,239,5733,4.0%,
3/6/2022,7135,173,6962,2.40%,8233,271,7962,3.3%,
4/6/2022,5967,195,5772,3.30%,6857,305,6552,4.4%,
5/6/2022,3965,147,3818,3.70%,4718,227,4491,4.8%,
6/6/2022,6055,260,5795,4.30%,6452,321,6131,5.0%,
7/6/2022,7743,288,7455,3.70%,9009,404,8605,4.5%,
8/6/2022,5851,276,5575,4.70%,6888,386,6502,5.6%,
9/6/2022,7429,333,7096,4.50%,8333,450,7883,5.4%,
10/6/2022,7091,314,6777,4.40%,8057,410,7647,5.1%,
11/6/2022,6389,322,6067,5.00%,6945,445,6500,6.4%,
12/6/2022,5541,348,5193,6.30%,5960,460,5500,7.7%,
13/06/2022 ,8034,517,7517,6.40%,8632,646,7986,7.5%,
14/06/2022 ,9518,730,8788,7.70%,10122,908,9214,9.0%,
15/06/2022 ,8362,696,7666,8.30%,8917,916,8001,10.3%,
16/06/2022 ,8605,686,7919,8.00%,9441,938,8503,9.9%,
17/06/2022 ,9176,733,8443,8.00%,9888,968,8920,9.8%,
18/06/2022 ,8919,735,8184,8.20%,10120,996,9124,9.8%,
19/06/2022 ,6621,701,5920,10.60%,7990,1020,6970,12.8%,
20/06/2022 ,8164,953,7211,11.70%,9297,1404,7893,15.1%,
21/06/2022 ,9903,1226,8677,12.40%,10772,1625,9147,15.1%,
22/06/2022 ,9320,1054,8266,11.30%,10463,1473,8990,14.1%,
23/06/2022 ,11105,1266,9839,11.40%,12206,1737,10469,14.2%,
24/06/2022 ,9029,1045,7984,11.60%,9813,1458,8355,14.9%,
25/06/2022 ,8172,1055,7117,12.90%,10064,1668,8396,16.6%,
26/06/2022 ,6104,838,5266,13.70%,7190,1263,5927,17.6%,
27/06/2022 ,9743,1250,8493,12.80%,10356,1576,8780,15.2%,
28/06/2022 ,11842,1134,10708,9.60%,12981,1605,11376,12.4%,
29/06/2022 ,11784,1255,10529,10.70%,12468,1654,10814,13.3%,
30/06/2022 ,10423,1100,9323,10.60%,12099,1539,10560,12.7%,
1/7/2022,9358,983,8375,10.50%,10703,1364,9339,12.7%,
2/7/2022,9452,931,8521,9.80%,10749,1298,9451,12.1%,
3/7/2022,5851,737,5114,12.60%,6435,1001,5434,15.6%,
4/7/2022,9684,1276,8408,13.20%,10221,1541,8680,15.1%,
5/7/2022,11827,1516,10311,12.80%,13605,2099,11506,15.4%,
6/7/2022,10979,1476,9503,13.40%,12789,2113,10676,16.5%,
7/7/2022,10005,1151,8854,11.50%,12404,1892,10512,15.3%,
8/7/2022,12742,1478,11264,11.60%,14083,2135,11948,15.2%,
9/7/2022,10893,1675,9218,15.40%,11061,1720,9341,15.6%,
10/7/2022,5789,812,4977,14.00%,6556,1102,5454,16.8%,
11/7/2022,10548,1594,8954,15.10%,11589,1939,9650,16.7%,
12/7/2022,12314,2021,10293,16.40%,13705,2598,11107,19.0%,
13/07/2022 ,11594,1749,9845,15.10%,13173,2379,10794,18.1%,
14/07/2022 ,11683,1613,10070,13.80%,13126,2221,10905,16.9%,
15/07/2022 ,15046,2131,12915,14.20%,17794,3177,14617,17.9%,
16/07/2022 ,18354,2002,16352,10.90%,20137,2973,17164,14.8%,
17/07/2022 ,10701,1864,8837,17.40%,11680,2548,9132,21.8%,
18/07/2022 ,13498,2485,11013,18.40%,14363,3288,11075,22.9%,
19/07/2022 ,16257,2950,13307,18.10%,17382,3930,13452,22.6%,
20/07/2022 ,16205,2883,13322,17.80%,17914,4014,13900,22.4%,
21/07/2022 ,14480,2465,12015,17.00%,15998,3340,12658,20.9%,
22/07/2022 ,15915,2661,13254,16.70%,18050,3729,14321,20.7%,
23/07/2022 ,14059,2151,11908,15.30%,16078,3200,12878,19.9%,
24/07/2022 ,13253,2168,11085,16.40%,14841,3157,11684,21.3%,
25/07/2022 ,14518,2974,11544,20.50%,15451,3749,11702,24.3%,
26/07/2022 ,17516,3279,14237,18.70%,19792,4705,15087,23.8%,
27/07/2022 ,17769,3157,14612,17.80%,19984,4445,15539,22.2%,
28/07/2022 ,16708,2987,13721,17.90%,18463,4132,14331,22.4%,
29/07/2022 ,14501,2629,11872,18.10%,16498,3765,12733,22.8%,
30/07/2022 ,12964,2198,10766,17.00%,15163,3504,11659,23.1%,
31/07/2022 ,10962,1486,9476,13.60%,13535,3324,10211,24.6%,
1/8/2022,12897,1993,10904,15.50%,15263,4039,11224,26.5%,
2/8/2022,16401,2532,13869,15.40%,18659,4627,14032,24.8%,
3/8/2022,18094,2814,15280,15.60%,20400,5054,15346,24.8%,
4/8/2022,16689,2569,14120,15.40%,18462,4272,14190,23.1%,
5/8/2022,16447,2356,14091,14.30%,18295,3964,14331,21.7%,
6/8/2022,13638,1824,11814,13.40%,15411,3397,12014,22.0%,
7/8/2022,13110,2300,10810,17.50%,14022,3186,10836,22.7%,
8/8/2022,12730,2298,10432,18.10%,15338,4026,11312,26.2%,
9/8/2022,14887,2224,12663,14.90%,18540,4635,13905,25.0%,
10/8/2022,15377,2218,13159,14.40%,17778,4230,13548,23.8%,
11/8/2022,16382,2858,13524,17.40%,17711,4154,13557,23.5%,
12/8/2022,15397,2287,13110,14.90%,17379,4061,13318,23.4%,
13/08/2022 ,13053,2109,10944,16.20%,14440,3336,11104,23.1%,
14/08/2022 ,10902,1902,9000,17.40%,12154,2939,9215,24.2%,
15/08/2022 ,16092,2462,13630,15.30%,17782,3591,14191,20.2%,
16/08/2022 ,16080,2404,13676,15.00%,17749,4041,13708,22.8%,
17/08/2022 ,13783,2060,11723,14.90%,15114,3349,11765,22.2%,
18/08/2022 ,12684,2217,10467,17.50%,13639,3154,10485,23.1%,
19/08/2022 ,13372,2324,11048,17.40%,14776,3685,11091,24.9%,
20/08/2022 ,11597,1897,9700,16.40%,12900,3176,9724,24.6%,
21/08/2022 ,9368,1546,7822,16.50%,10444,2592,7852,24.8%,
22/08/2022 ,11466,1470,9996,12.80%,13474,3149,10325,23.4%,
23/08/2022 ,14581,2217,12364,15.20%,16112,3649,12463,22.6%,
24/08/2022 ,14340,2483,11857,17.30%,15437,3473,11964,22.5%,
25/08/2022 ,12474,1888,10586,15.10%,13754,2743,11011,19.9%,
26/08/2022 ,12618,1912,10706,15.20%,13882,3048,10834,22.0%,
27/08/2022 ,10445,1489,8956,14.30%,11696,2560,9136,21.9%,
28/08/2022 ,7056,1216,5840,17.20%,7483,1577,5906,21.1%,
29/08/2022 ,10228,1717,8511,16.80%,11277,2625,8652,23.3%,
30/08/2022 ,12507,1931,10576,15.40%,13610,2972,10638,21.8%,
31/08/2022 ,11213,1702,9511,15.20%,12350,2770,9580,22.4%,
1/9/2022,10974,1500,9474,13.70%,11955,2373,9582,19.8%,
2/9/2022,10452,1506,8946,14.40%,11325,2316,9009,20.5%,
3/9/2022,9180,1257,7923,13.70%,10246,2222,8024,21.7%,
4/9/2022,6915,992,5923,14.30%,7859,1785,6074,22.7%,
5/9/2022,9885,1387,8498,14.00%,11021,2398,8623,21.8%,
6/9/2022,10879,1486,9393,13.70%,11955,2392,9563,20.0%,
7/9/2022,10111,1318,8793,13.00%,11050,2177,8873,19.7%,
8/9/2022,9264,1166,8098,12.60%,10037,1866,8171,18.6%,
9/9/2022,9086,1125,7961,12.40%,9952,1843,8109,18.5%,
10/9/2022,7791,855,6936,11.00%,8525,1509,7016,17.7%,
11/9/2022,5349,753,4596,14.10%,6038,1342,4696,22.2%,
12/9/2022,8236,1061,7175,12.90%,9012,1740,7272,19.3%,
13/09/2022 ,10376,1228,9148,11.80%,11328,1981,9347,17.5%,
14/09/2022 ,8785,1116,7669,12.70%,9498,1706,7792,18.0%,
15/09/2022 ,8391,1021,7370,12.20%,9161,1684,7477,18.4%,
16/09/2022 ,8258,893,7365,10.80%,8823,1348,7475,15.3%,
17/09/2022 ,7421,794,6627,10.70%,8201,1464,6737,17.9%,
18/09/2022 ,5119,626,4493,12.20%,5798,1081,4717,18.6%,
19/09/2022 ,7528,952,6576,12.60%,8104,1424,6680,17.6%,
20/09/2022 ,8463,974,7489,11.50%,10907,1488,9419,13.6%,
21/09/2022 ,7701,888,6813,11.50%,10712,1650,9062,15.4%,
22/09/2022 ,6154,712,5442,11.60%,7542,1122,6420,14.9%,
23/09/2022 ,5494,687,4807,12.50%,6929,1170,5759,16.9%,
24/09/2022 ,5042,580,4462,11.50%,7062,1062,6000,15.0%,
25/09/2022 ,5429,546,4883,10.10%,5456,974,4482,17.9%,
26/09/2022 ,7304,740,6564,10.10%,7307,1089,6218,14.9%,
27/09/2022 ,8538,695,7843,8.10%,8545,1152,7393,13.5%,
28/09/2022 ,8801,781,8020,8.90%,8893,1256,7637,14.1%,
29/09/2022 ,8641,734,7907,8.50%,8647,1138,7509,13.2%,
30/09/2022 ,7645,603,7042,7.90%,7748,1017,6731,13.1%,
1/10/2022,6495,551,5944,8.50%,6447,992,5455,15.4%,
2/10/2022,4755,384,4371,8.10%,4770,654,4116,13.7%,
3/10/2022,6725,668,6057,9.90%,6766,1019,5747,15.1%,
4/10/2022,7549,600,6949,7.90%,7589,999,6590,13.2%,
5/10/2022,8281,680,7601,8.20%,8282,990,7292,12.0%,
6/10/2022,7125,520,6605,7.30%,7141,809,6332,11.3%,
7/10/2022,5782,500,5282,8.60%,5744,733,5011,12.8%,
8/10/2022,6460,465,5995,7.20%,6534,843,5691,12.9%,
9/10/2022,4495,496,3999,11.00%,4544,752,3792,16.5%,
10/10/2022,6639,738,5901,11.10%,6648,924,5724,13.9%,
11/10/2022,8789,752,8037,8.60%,8622,1066,7556,12.4%,
12/10/2022,7741,708,7033,9.10%,7682,995,6687,13.0%,
13/10/2022 ,7670,612,7058,8.00%,7769,946,6823,12.2%,
14/10/2022 ,6597,577,6020,8.70%,6501,857,5644,13.2%,
15/10/2022 ,6649,518,6131,7.80%,6670,816,5854,12.2%,
16/10/2022 ,4932,448,4484,9.10%,4934,711,4223,14.4%,
17/10/2022 ,7026,697,6329,9.90%,7282,995,6287,13.7%,
18/10/2022 ,8237,891,7346,10.80%,8373,1164,7209,13.9%,
19/10/2022 ,7070,784,6286,11.10%,7081,1071,6010,15.1%,
20/10/2022 ,7402,773,6629,10.40%,7321,1105,6216,15.1%,
21/10/2022 ,6650,664,5986,10.00%,6669,926,5743,13.9%,
22/10/2022 ,5768,643,5125,11.10%,5757,964,4793,16.7%,
23/10/2022 ,4725,625,4100,13.20%,4570,766,3804,16.8%,
24/10/2022 ,6632,889,5743,13.40%,6654,1123,5531,16.9%,
25/10/2022 ,8023,1066,6957,13.30%,8051,1487,6564,18.5%,
26/10/2022 ,7380,1062,6318,14.40%,7600,1341,6259,17.6%,
27/10/2022 ,7092,1007,6085,14.20%,7138,1338,5800,18.7%,
28/10/2022 ,7468,1041,6427,13.90%,7545,1378,6167,18.3%,
29/10/2022 ,6876,1081,5795,15.70%,7633,1641,5992,21.5%,
30/10/2022 ,4518,822,3696,18.20%,4551,1039,3512,22.8%,
31/10/2022 ,7374,1559,5815,21.10%,7531,1824,5707,24.2%,
1/11/2022,9758,1781,7977,18.30%,9699,2262,7437,23.3%,
2/11/2022,8715,1823,6892,20.90%,8796,2171,6625,24.7%,
3/11/2022,9321,2036,7285,21.80%,9356,2569,6787,27.5%,
4/11/2022,9757,1859,7898,19.10%,9749,2346,7403,24.1%,
5/11/2022,8404,1542,6862,18.30%,8443,2200,6243,26.1%,
6/11/2022,6226,1345,4881,21.60%,7059,2008,5051,28.4%,
7/11/2022,8761,2254,6507,25.70%,8835,2720,6115,30.8%,
8/11/2022,11200,2557,8643,22.80%,11426,3399,8027,29.7%,
9/11/2022,10087,2396,7691,23.80%,10136,2823,7313,27.9%,
10/11/2022,10232,2583,7649,25.20%,10455,3189,7266,30.5%,
11/11/2022,11129,2511,8618,22.60%,11194,3452,7742,30.8%,
12/11/2022,10039,2261,7778,22.50%,10120,3310,6810,32.7%,
13/11/2022 ,7991,1771,6220,22.20%,8023,2429,5594,30.3%,
14/11/2022 ,10168,2932,7236,28.80%,10266,3333,6933,32.5%,
15/11/2022 ,14045,3668,10377,26.10%,14142,4850,9292,34.3%,
16/11/2022 ,13457,3474,9983,25.80%,13552,4704,8848,34.7%,
17/11/2022 ,11671,2798,8873,24.00%,11731,3765,7966,32.1%,
18/11/2022 ,11883,2628,9255,22.10%,11962,3610,8352,30.2%,
19/11/2022 ,10763,2373,8390,22.00%,10803,3451,7352,31.9%,
20/11/2022 ,8115,1789,6326,22.00%,8162,2672,5490,32.7%,
21/11/2022 ,10471,2844,7627,27.20%,10517,3682,6835,35.0%,
22/11/2022 ,13814,3018,10796,21.80%,13808,4390,9418,31.8%,
23/11/2022 ,13788,3018,10770,21.90%,13778,4338,9440,31.5%,
24/11/2022 ,11729,2550,9179,21.70%,11775,3600,8175,30.6%,
25/11/2022 ,10830,2235,8595,20.60%,10768,3282,7486,30.5%,
26/11/2022 ,10153,1844,8309,18.20%,10059,3277,6782,32.6%,
27/11/2022 ,7426,1296,6130,17.50%,7529,2102,5427,27.9%,
28/11/2022 ,9705,2020,7685,20.80%,9923,3022,6901,30.5%,
29/11/2022 ,9209,2355,6854,25.60%,12471,3599,8872,28.9%,
30/11/2022 ,8039,1957,6082,24.30%,10783,3014,7769,28.0%,
1/12/2022,9088,1644,7444,18.10%,9121,2643,6478,29.0%,
2/12/2022,9537,1441,8096,15.10%,9537,2414,7123,25.3%,
3/12/2022,7735,1056,6679,13.70%,7808,2148,5660,27.5%,
4/12/2022,5593,804,4789,14.40%,5641,1422,4219,25.2%,
5/12/2022,8608,1248,7360,14.50%,8734,1993,6741,22.8%,
6/12/2022,9639,1280,8359,13.30%,9599,2331,7268,24.3%,
7/12/2022,7999,1038,6961,13.00%,8055,1817,6238,22.6%,
8/12/2022,7102,818,6284,11.50%,7063,1523,5540,21.6%,
9/12/2022,7342,755,6587,10.30%,7334,1357,5977,18.5%,
10/12/2022,6478,603,5875,9.30%,6472,1156,5316,17.9%,
11/12/2022,4815,438,4377,9.10%,4620,850,3770,18.4%,
12/12/2022,6387,586,5801,9.20%,6420,1058,5362,16.5%,
13/12/2022 ,7597,706,6891,9.30%,7582,1186,6396,15.6%,
14/12/2022 ,6297,573,5724,9.10%,6390,1052,5338,16.5%,
15/12/2022 ,6010,485,5525,8.10%,6031,880,5151,14.6%,
16/12/2022 ,5265,394,4871,7.50%,5276,688,4588,13.0%,
17/12/2022 ,4656,293,4363,6.30%,4690,651,4039,13.9%,
18/12/2022 ,3350,284,3066,8.50%,3473,480,2993,13.8%,
19/12/2022 ,5111,317,4794,6.20%,5134,591,4543,11.5%,
20/12/2022 ,5986,379,5607,6.30%,6023,707,5316,11.7%,
21/12/2022 ,5053,303,4750,6.00%,4982,559,4423,11.2%,
22/12/2022 ,4616,280,4336,6.10%,4658,455,4203,9.8%,
23/12/2022 ,4181,254,3927,6.10%,4188,428,3760,10.2%,
24/12/2022 ,3781,212,3569,5.60%,3778,362,3416,9.6%,
25/12/2022 ,2515,137,2378,5.40%,2519,225,2294,8.9%,
26/12/2022 ,3713,185,3528,5.00%,3730,321,3409,8.6%,
27/12/2022 ,4352,230,4122,5.30%,4355,367,3988,8.4%,
28/12/2022 ,4037,189,3848,4.70%,4057,359,3698,8.8%,
29/12/2022 ,3511,181,3330,5.20%,3514,279,3235,7.9%,
30/12/2022 ,3705,156,3549,4.20%,3700,263,3437,7.1%,
31/12/2022 ,3107,130,2977,4.20%,3123,259,2864,8.3%,
1/1/2023,2136,69,2067,3.20%,2135,132,2003,6.2%,
2/1/2023,3549,192,3357,5.40%,3525,284,3241,8.1%,
3/1/2023,4768,210,4558,4.40%,4731,281,4450,5.9%,
4/1/2023,3904,183,3721,4.70%,3880,262,3618,6.8%,
5/1/2023,4039,188,3851,4.70%,4025,274,3751,6.8%,
6/1/2023,4276,151,4125,3.50%,4189,221,3968,5.3%,
7/1/2023,4007,125,3882,3.10%,3973,197,3776,5.0%,
8/1/2023,2957,81,2876,2.70%,2957,143,2814,4.8%,
9/1/2023,4162,124,4038,3.00%,4145,186,3959,4.5%,
10/1/2023,3961,146,3815,3.70%,3986,231,3755,5.8%,
11/1/2023,4088,159,3929,3.90%,4116,222,3894,5.4%,
12/1/2023,3649,120,3529,3.30%,3696,194,3502,5.2%,
13/01/2023 ,4091,172,3919,4.20%,4105,160,3945,3.9%,
14/01/2023 ,3437,84,3353,2.40%,3537,145,3392,4.1%,
15/01/2023 ,2534,70,2464,2.80%,2542,123,2419,4.8%,
16/01/2023 ,3205,111,3094,3.50%,3231,187,3044,5.8%,
17/01/2023 ,4261,118,4143,2.80%,4285,186,4099,4.3%,
18/01/2023 ,3390,84,3306,2.50%,3423,142,3281,4.1%,
19/01/2023 ,3874,92,3782,2.40%,3885,130,3755,3.3%,
20/01/2023 ,3325,81,3244,2.40%,3333,135,3198,4.1%,
21/01/2023 ,2678,84,2594,3.10%,2691,127,2564,4.7%,
22/01/2023 ,1497,45,1452,3.00%,1506,72,1434,4.8%,
23/01/2023 ,1845,62,1783,3.40%,1837,88,1749,4.8%,
24/01/2023 ,2648,87,2561,3.30%,2654,132,2522,5.0%,
25/01/2023 ,3093,97,2996,3.10%,3110,122,2988,3.9%,
26/01/2023 ,3264,64,3200,2.00%,3269,115,3154,3.5%,
27/01/2023 ,3707,70,3637,1.90%,3718,122,3596,3.3%,
28/01/2023 ,2606,63,2543,2.40%,2624,110,2514,4.2%,
29/01/2023 ,1917,68,1849,3.50%,1928,88,1840,4.6%,
30/01/2023 ,3355,97,3258,2.90%,3364,118,3246,3.5%,
31/01/2023 ,3727,80,3647,2.10%,3808,147,3661,3.9%,
1/2/2023,3580,101,3479,2.80%,3632,138,3494,3.8%,
2/2/2023,3160,62,3098,2.00%,3222,109,3113,3.4%,
3/2/2023,3401,61,3340,1.80%,3469,116,3353,3.3%,
4/2/2023,2093,51,2042,2.40%,2153,98,2055,4.6%,
5/2/2023,1968,69,1899,3.50%,2038,131,1907,6.4%,
6/2/2023,3152,200,2952,6.30%,3128,147,2981,4.7%,
7/2/2023,3581,90,3491,2.50%,3642,134,3508,3.7%,
8/2/2023,3237,88,3149,2.70%,3308,144,3164,4.4%,
9/2/2023,2590,104,2486,4.00%,2635,138,2497,5.2%,
10/2/2023,2812,92,2720,3.30%,2857,121,2736,4.2%,
11/2/2023,2718,76,2642,2.80%,2761,106,2655,3.8%,
12/2/2023,1863,73,1790,3.90%,1901,96,1805,5.0%,
13/02/2023 ,2846,89,2757,3.10%,2908,121,2787,4.2%,
14/02/2023 ,3491,101,3390,2.90%,3543,131,3412,3.7%,
15/02/2023 ,3307,109,3198,3.30%,3376,148,3228,4.4%,
16/02/2023 ,2940,113,2827,3.80%,2977,140,2837,4.7%,
17/02/2023,2777,87,2690,3.10%,2818,118,2700,4.2%,
18/02/2023,2060,94,1966,4.60%,2060,94,1966,4.6%,
19/02/2023,1858,48,1810,2.60%,1918,85,1833,4.4%,
20/02/2023,2894,97,2797,3.40%,2961,141,2820,4.8%,
21/02/2023,3477,92,3385,2.60%,3526,124,3402,3.5%,
22/02/2023,2368,74,2294,3.10%,2401,102,2299,4.2%,
23/02/2023,2685,97,2588,3.60%,2745,137,2608,5.0%,
24/02/2023,2085,78,2007,3.70%,2118,102,2016,4.8%,
25/02/2023,2062,76,1986,3.70%,2116,106,2010,5.0%,
26/02/2023,1561,49,1512,3.10%,1594,72,1522,4.5%,
27/02/2023,2362,101,2261,4.30%,2434,145,2289,6.0%,
28/02/2023,2608,94,2514,3.60%,2654,119,2535,4.5%,
3/1/2023,3286,106,3180,3.20%,3337,141,3196,4.2%,
2/3/2023,2622,95,2527,3.60%,2675,140,2535,5.2%,
3/3/2023,2834,100,2734,3.50%,2880,139,2741,4.8%,
4/3/2023,2143,78,2065,3.60%,2192,123,2069,5.6%,
5/3/2023,1446,53,1393,3.70%,1486,86,1400,5.8%,
6/3/2023,2466,127,2339,5.20%,2513,150,2363,6.0%,
7/3/2023,3055,152,2903,5.00%,3107,183,2924,5.9%,
8/3/2023,2733,142,2591,5.20%,2779,181,2598,6.5%,
9/3/2023,2592,154,2438,5.90%,2630,177,2453,6.7%,
10/3/2023,2542,124,2418,4.90%,2592,166,2426,6.4%,
11/3/2023,2234,115,2119,5.10%,2271,139,2132,6.1%,
12/3/2023,1385,112,1273,8.10%,1424,139,1285,9.8%,
13/03/2023 ,2251,135,2116,6.00%,2303,178,2125,7.7%,
14/03/2023 ,2850,165,2685,5.80%,2905,216,2689,7.4%,
15/03/2023 ,2993,174,2819,5.80%,3050,220,2830,7.2%,
16/03/2023 ,2367,152,2215,6.40%,2444,215,2229,8.8%,
17/03/2023 ,2761,157,2604,5.70%,2829,200,2629,7.1%,
18/03/2023 ,1824,128,1696,7.00%,1895,191,1704,10.1%,
19/03/2023 ,1371,100,1271,7.30%,1399,122,1277,8.7%,
20/03/2023 ,2286,202,2084,8.80%,2335,243,2092,10.4%,
21/03/2023 ,2672,224,2448,8.40%,2754,292,2462,10.6%,
22/03/2023 ,1623,150,1473,9.20%,1663,186,1477,11.2%,
23/03/2023 ,1640,145,1495,8.80%,1695,186,1509,11.0%,
24/03/2023 ,2014,173,1841,8.60%,2087,231,1856,11.1%,
25/03/2023 ,1917,205,1712,10.70%,2041,319,1722,15.6%,
26/03/2023 ,1209,137,1072,11.30%,1242,161,1081,13.0%,
27/03/2023 ,2390,234,2156,9.80%,2451,289,2162,11.8%,
28/03/2023 ,1951,240,1711,12.30%,2016,300,1716,14.9%,
29/03/2023 ,2541,240,2301,9.40%,2653,344,2309,13.0%,
30/03/2023 ,1963,196,1767,10.00%,2011,238,1773,11.8%,
31/03/2023 ,2566,219,2347,8.50%,2659,305,2354,11.5%,
1/4/2023,1749,202,1547,11.50%,1797,238,1559,13.2%,
2/4/2023,1048,136,912,13.00%,1123,205,918,18.3%,
3/4/2023,1789,235,1554,13.10%,1821,256,1565,14.1%,
4/4/2023,2590,280,2310,10.80%,2732,406,2326,14.9%,
5/4/2023,2413,278,2135,11.50%,2522,372,2150,14.8%,
6/4/2023,2431,295,2136,12.10%,2498,354,2144,14.2%,
7/4/2023,1373,190,1183,13.80%,1425,240,1185,16.8%,
8/4/2023,1111,205,906,18.50%,1187,276,911,23.3%,
9/4/2023,1375,222,1153,16.10%,1452,287,1165,19.8%,
10/4/2023,2158,373,1785,17.30%,2190,397,1793,18.1%,
11/4/2023,2653,475,2178,17.90%,2833,625,2208,22.1%,
12/4/2023,2505,441,2064,17.60%,2599,515,2084,19.8%,
13/04/2023 ,2444,486,1958,19.90%,2487,515,1972,20.7%,
14/04/2023 ,2155,395,1760,18.30%,2262,494,1768,21.8%,
15/04/2023 ,2632,412,2220,15.70%,2777,527,2250,19.0%,
16/04/2023 ,1424,294,1130,20.60%,1497,363,1134,24.2%,
17/04/2023 ,2221,543,1678,24.40%,2288,600,1688,26.2%,
18/04/2023 ,2526,523,2003,20.70%,2649,635,2014,24.0%,
19/04/2023 ,2206,510,1696,23.10%,2346,641,1705,27.3%,
20/04/2023 ,1303,384,919,29.50%,1400,472,928,33.7%,
21/04/2023 ,1007,277,730,27.50%,1114,379,735,34.0%,
22/04/2023 ,460,131,329,28.50%,501,169,332,33.7%,
23/04/2023 ,733,189,544,25.80%,765,215,550,28.1%,
24/04/2023 ,1365,397,968,29.10%,1557,570,987,36.6%,
25/04/2023 ,1389,363,1026,26.10%,1502,470,1032,31.3%,
26/04/2023 ,2193,543,1650,24.80%,2309,650,1659,28.2%,
27/04/2023 ,2643,656,1987,24.80%,2750,750,2000,27.3%,
28/04/2023 ,3074,704,2370,22.90%,3263,881,2382,27.0%,
29/04/2023 ,2667,630,2037,23.60%,2805,760,2045,27.1%,
30/04/2023 ,1276,268,1008,21.00%,1328,314,1014,23.6%,
1/5/2023,1616,412,1204,25.50%,1670,462,1208,27.7%,
2/5/2023,3143,811,2332,25.80%,3352,999,2353,29.8%,
3/5/2023,3664,785,2879,21.40%,3949,1055,2894,26.7%,
4/5/2023,3165,697,2468,22.00%,3417,935,2482,27.4%,
5/5/2023,3353,586,2767,17.50%,3564,782,2782,21.9%,
6/5/2023,2684,468,2216,17.40%,2962,735,2227,24.8%,
7/5/2023,1806,335,1471,18.50%,1914,440,1474,23.0%,
8/5/2023,2258,506,1752,22.40%,2388,623,1765,26.1%,
9/5/2023,3479,618,2861,17.80%,3761,879,2882,23.4%,
10/5/2023,2560,483,2077,18.90%,2741,656,2085,23.9%,
11/5/2023,2773,470,2303,16.90%,2948,634,2314,21.5%,
12/5/2023,2422,404,2018,16.70%,2628,605,2023,23.0%,
13/05/2023 ,2316,317,1999,13.70%,2475,463,2012,18.7%,
14/05/2023 ,1606,233,1373,14.50%,1735,356,1379,20.5%,
15/05/2023 ,668,131,537,19.60%,730,190,540,26.0%,
16/05/2023 ,3150,271,2879,8.60%,3674,775,2899,21.1%,
17/05/2023 ,2246,183,2063,8.10%,2544,477,2067,18.8%,
18/05/2023 ,1361,119,1242,8.70%,1503,258,1245,17.2%,
19/05/2023 ,1880,169,1711,9.00%,2078,355,1723,17.1%,
20/05/2023 ,1954,120,1834,6.10%,2170,326,1844,15.0%,
21/05/2023 ,890,81,809,9.10%,1026,210,816,20.5%,
22/05/2023 ,1712,191,1521,11.20%,1919,381,1538,19.9%,
23/05/2023 ,2511,135,2376,5.40%,2751,368,2383,13.4%,
24/05/2023 ,2152,131,2021,6.10%,2329,303,2026,13.0%,
25/05/2023 ,1700,123,1577,7.20%,1830,243,1587,13.3%,
26/05/2023 ,2155,106,2049,4.90%,2333,275,2058,11.8%,
27/05/2023 ,1794,70,1724,3.90%,1969,243,1726,12.3%,
28/05/2023 ,820,71,749,8.70%,858,106,752,12.4%,
29/05/2023 ,1452,125,1327,8.60%,1570,228,1342,14.5%,
30/05/2023 ,2204,108,2096,4.90%,2389,285,2104,11.9%,
31/05/2023 ,1679,85,1594,5.10%,1764,168,1596,9.5%,
1/6/2023,1382,47,1335,3.40%,1496,156,1340,10.4%,
2/6/2023,1274,56,1218,4.40%,1350,123,1227,9.1%,
3/6/2023,921,48,873,5.20%,997,119,878,11.9%,
4/6/2023,816,53,763,6.50%,854,86,768,10.1%,
5/6/2023,1501,79,1422,5.30%,1600,172,1428,10.8%,
6/6/2023,1894,73,1821,3.90%,1973,144,1829,7.3%,
7/6/2023,1501,58,1443,3.90%,1576,128,1448,8.1%,
8/6/2023,1512,41,1471,2.70%,1588,105,1483,6.6%,
9/6/2023,1403,50,1353,3.60%,1464,105,1359,7.2%,
10/6/2023,1488,35,1453,2.40%,1564,100,1464,6.4%,
11/6/2023,588,32,556,5.40%,620,63,557,10.2%,
12/6/2023,1234,38,1196,3.10%,1286,84,1202,6.5%,
13/06/2023 ,1503,48,1455,3.20%,1553,97,1456,6.2%,
14/06/2023 ,1429,39,1390,2.70%,1481,86,1395,5.8%,
15/06/2023 ,1243,33,1210,2.70%,1275,60,1215,4.7%,
16/06/2023 ,1323,30,1293,2.30%,1374,76,1298,5.5%,
17/06/2023 ,1050,17,1033,1.60%,1094,56,1038,5.1%,
18/06/2023 ,712,13,699,1.80%,752,38,714,5.1%,
19/06/2023 ,1119,37,1082,3.30%,1139,50,1089,4.4%,
20/06/2023 ,1451,24,1427,1.70%,1493,62,1431,4.2%,
21/06/2023 ,1347,26,1321,1.90%,1384,57,1327,4.1%,
22/06/2023 ,1209,30,1179,2.50%,1234,55,1179,4.5%,
23/06/2023 ,1066,20,1046,1.90%,1104,51,1053,4.6%,
24/06/2023 ,1261,18,1243,1.40%,1297,51,1246,3.9%,
25/06/2023 ,437,10,427,2.30%,445,14,431,3.1%,
26/06/2023 ,842,19,823,2.30%,852,27,825,3.2%,
27/06/2023 ,1126,11,1115,1.00%,1168,46,1122,3.9%,
28/06/2023 ,749,8,741,1.10%,765,19,746,2.5%,
29/06/2023 ,384,11,373,2.90%,394,12,382,3.0%,
