Tanggal,Reaktif,Non-Reaktif,Total,Reaktif Positivity Rate
27/03/2020 ,124,10839,10963,1.13%
28/03/2020 ,149,11858,12007,1.24%
29/03/2020 ,206,14808,15014,1.37%
30/03/2020 ,290,17619,17909,1.62%
31/03/2020 ,307,18242,18549,1.66%
1/4/2020,360,19190,19550,1.84%
2/4/2020,442,20460,20902,2.11%
3/4/2020,541,21962,22503,2.40%
4/4/2020,583,23072,23655,2.46%
5/4/2020,589,23426,24015,2.45%
6/4/2020,718,25234,25952,2.77%
7/4/2020,829,26867,27696,2.99%
8/4/2020,949,29853,30802,3.08%
9/4/2020,1027,34056,35083,2.93%
10/4/2020,1065,34704,35769,2.98%
11/4/2020,1148,35245,36393,3.15%
12/4/2020,1203,35760,36963,3.25%
13/04/2020 ,1314,37560,38874,3.38%
14/04/2020 ,1395,39317,40712,3.43%
15/04/2020 ,1603,43624,45227,3.54%
16/04/2020 ,1791,45797,47588,3.76%
17/04/2020 ,2129,53863,55992,3.80%
18/04/2020 ,2265,56352,58617,3.86%
19/04/2020 ,2313,56409,58722,3.94%
20/04/2020 ,2248,59852,62100,3.62%
21/04/2020 ,2365,61181,63546,3.72%
22/04/2020 ,2687,66669,69356,3.87%
23/04/2020 ,2842,67986,70828,4.01%
24/04/2020 ,2849,69121,71970,3.96%
25/04/2020 ,2879,69536,72415,3.98%
26/04/2020 ,2881,69737,72618,3.97%
27/04/2020 ,2954,71831,74785,3.95%
28/04/2020 ,2954,73993,76947,3.84%
29/04/2020 ,2962,74709,77671,3.81%
30/04/2020 ,3022,76130,79152,3.82%
1/5/2020,3044,76636,79680,3.82%
2/5/2020,3050,76864,79914,3.82%
3/5/2020,3056,77136,80192,3.81%
4/5/2020,3103,78265,81368,3.81%
5/5/2020,3117,79152,82269,3.79%
6/5/2020,3155,79497,82652,3.82%
7/5/2020,3176,80016,83192,3.82%
8/5/2020,3358,81466,84824,3.96%
9/5/2020,3480,83534,87014,4.00%
10/5/2020,3505,84447,87952,3.99%
11/5/2020,3646,89780,93426,3.90%
12/5/2020,3671,91630,95301,3.85%
13/05/2020 ,3703,93045,96748,3.83%
14/05/2020 ,3745,94083,97828,3.83%
15/05/2020 ,3804,95412,99216,3.83%
16/05/2020 ,3808,96007,99815,3.82%
17/05/2020 ,3842,96521,100363,3.83%
18/05/2020 ,3918,102289,106207,3.69%
19/05/2020 ,4153,105937,110090,3.77%
20/05/2020 ,4213,106929,111142,3.79%
21/05/2020 ,4329,108976,113305,3.82%
22/05/2020 ,4411,110529,114940,3.84%
23/05/2020 ,4421,110621,115042,3.84%
24/05/2020 ,4439,111423,115862,3.83%
25/05/2020 ,4494,112442,116936,3.84%
26/05/2020 ,5627,128227,133854,4.20%
27/05/2020 ,5665,131189,136854,4.14%
28/05/2020 ,5665,133489,139154,4.07%
29/05/2020 ,5675,136007,141682,4.01%
30/05/2020 ,5675,137077,142752,3.98%
31/05/2020 ,5682,137409,143091,3.97%
1/6/2020,5683,137684,143367,3.96%
2/6/2020,5974,154257,160231,3.73%
3/6/2020,5979,155752,161731,3.70%
4/6/2020,6000,158139,164139,3.66%
5/6/2020,6121,159128,165249,3.70%
6/6/2020,6130,159792,165922,3.69%
7/6/2020,6139,160202,166341,3.69%
8/6/2020,6232,164146,170378,3.66%
9/6/2020,6265,164828,171093,3.66%
10/6/2020,6432,167126,173558,3.71%
11/6/2020,6432,167708,174140,3.69%
12/6/2020,6623,172012,178635,3.71%
13/06/2020 ,6623,172590,179213,3.70%
14/06/2020 ,6633,172889,179522,3.69%
15/06/2020 ,6640,173219,179859,3.69%
16/06/2020 ,6811,177894,184705,3.69%
17/06/2020 ,6817,178254,185071,3.68%
18/06/2020 ,6843,181600,188443,3.63%
19/06/2020 ,7086,188348,195434,3.63%
20/06/2020 ,7086,188950,196036,3.61%
21/06/2020 ,7100,189240,196340,3.62%
22/06/2020 ,7100,189240,196340,3.62%
23/06/2020 ,7394,204935,212329,3.48%
24/06/2020 ,7832,205376,213208,3.67%
25/06/2020 ,7839,205988,213827,3.67%
26/06/2020 ,7952,219371,227323,3.50%
27/06/2020 ,8074,222721,230795,3.50%
28/06/2020 ,8084,222784,230868,3.50%
29/06/2020 ,8145,224821,232966,3.50%
30/06/2020 ,8326,230470,238796,3.49%
1/7/2020,8355,231881,240236,3.48%
2/7/2020,8449,234561,243010,3.48%
3/7/2020,8569,237735,246304,3.48%
4/7/2020,8598,240126,248724,3.46%
5/7/2020,8700,242564,251264,3.46%
6/7/2020,8925,247222,256147,3.48%
7/7/2020,8947,247656,256603,3.49%
8/7/2020,9037,251184,260221,3.47%
9/7/2020,9149,253593,262742,3.48%
10/7/2020,9191,256150,265341,3.46%
11/7/2020,9197,257344,266541,3.45%
12/7/2020,9229,260151,269380,3.43%
13/07/2020 ,9239,260191,269430,3.43%
14/07/2020 ,9524,262739,272263,3.50%
15/07/2020 ,9577,263901,273478,3.50%
16/07/2020 ,9586,264909,274495,3.49%
17/07/2020 ,9706,267242,276948,3.50%
18/07/2020 ,9706,269414,279120,3.48%
19/07/2020 ,9715,269528,279243,3.48%
20/07/2020 ,9782,270280,280062,3.49%
21/07/2020 ,9794,270498,280292,3.49%
22/07/2020 ,10031,274202,284233,3.53%
23/07/2020 ,10031,274202,284233,3.53%
24/07/2020 ,10428,283882,294310,3.54%
25/07/2020 ,10438,284634,295072,3.54%
26/07/2020 ,10442,285630,296072,3.53%
27/07/2020 ,10674,289873,300547,3.55%
28/07/2020 ,10853,296645,307498,3.53%
29/07/2020 ,10863,298637,309500,3.51%
30/07/2020 ,10863,298637,309500,3.51%
31/07/2020 ,10865,298785,309650,3.51%
1/8/2020,10870,298930,309800,3.51%
2/8/2020,10894,300910,311804,3.49%
3/8/2020,11101,307199,318300,3.49%
4/8/2020,11133,308068,319201,3.49%
5/8/2020,11896,308815,320711,3.71%
6/8/2020,12507,317293,329800,3.79%
7/8/2020,12541,317973,330514,3.79%
8/8/2020,12617,319890,332507,3.79%
9/8/2020,12627,320854,333481,3.79%
10/8/2020,12646,321776,334422,3.78%
11/8/2020,12646,322779,335425,3.77%
12/8/2020,12812,327668,340480,3.76%
13/08/2020 ,12820,328088,340908,3.76%
14/08/2020 ,12836,328257,341093,3.76%
15/08/2020 ,12836,329362,342198,3.75%
16/08/2020 ,12836,329662,342498,3.75%
17/08/2020 ,12841,330273,343114,3.74%
18/08/2020 ,12841,334434,347275,3.70%
19/08/2020 ,12841,334581,347422,3.70%
20/08/2020 ,12845,335677,348522,3.69%
21/08/2020 ,12845,336177,349022,3.68%
22/08/2020 ,12850,336372,349222,3.68%
23/08/2020 ,12852,336570,349422,3.68%
24/08/2020 ,13064,338869,351933,3.71%
25/08/2020 ,13092,339240,352332,3.72%
26/08/2020 ,13092,339240,352332,3.72%
27/08/2020 ,13092,339240,352332,3.72%
28/08/2020 ,13757,349105,362862,3.79%
29/08/2020 ,13760,349202,362962,3.79%
30/08/2020 ,13764,349298,363062,3.79%
31/08/2020 ,13764,349933,363697,3.78%
1/9/2020,13792,352905,366697,3.76%
2/9/2020,13804,354893,368697,3.74%
3/9/2020,14646,368144,382790,3.83%
4/9/2020,14656,368244,382900,3.83%
5/9/2020,14660,368540,383200,3.83%
6/9/2020,14772,369206,383978,3.85%
7/9/2020,15180,374949,390129,3.89%
8/9/2020,15182,375250,390432,3.89%
9/9/2020,15190,376242,391432,3.88%
10/9/2020,15210,378222,393432,3.87%
11/9/2020,15210,379327,394537,3.86%
12/9/2020,15214,379523,394737,3.85%
13/09/2020 ,15230,380353,395583,3.85%
14/09/2020 ,15255,381328,396583,3.85%
15/09/2020 ,15265,381818,397083,3.84%
16/09/2020 ,15270,382013,397283,3.84%
17/09/2020 ,15275,382108,397383,3.84%
18/09/2020 ,15250,383083,398333,3.83%
19/09/2020 ,15250,383183,398433,3.83%
20/09/2020 ,15350,384083,399433,3.84%
21/09/2020 ,15360,384173,399533,3.84%
22/09/2020 ,15370,384363,399733,3.85%
23/09/2020 ,15375,384458,399833,3.85%
24/09/2020 ,15385,384298,399683,3.85%
25/09/2020 ,15485,385198,400683,3.86%
26/09/2020 ,15505,386178,401683,3.86%
27/09/2020 ,15555,387128,402683,3.86%
28/09/2020 ,15559,387324,402883,3.86%
29/09/2020 ,24624,531971,556595,4.42%
30/09/2020 ,24624,531971,556595,4.42%
1/10/2020,24630,532965,557595,4.42%
2/10/2020,24635,533160,557795,4.42%
3/10/2020,24640,533355,557995,4.42%
4/10/2020,24670,534325,558995,4.41%
5/10/2020,25486,540285,565771,4.50%
6/10/2020,25486,540285,565771,4.50%
7/10/2020,25497,540463,565960,4.51%
8/10/2020,25500,540560,566060,4.50%
9/10/2020,25520,541540,567060,4.50%
10/10/2020,25525,541635,567160,4.50%
11/10/2020,25525,541735,567260,4.50%
12/10/2020,25545,542715,568260,4.50%
13/10/2020 ,25609,542715,568324,4.51%
14/10/2020 ,25612,543968,569580,4.50%
15/10/2020 ,25672,544149,569821,4.51%
16/10/2020 ,25672,544249,569921,4.50%
17/10/2020 ,25672,544299,569971,4.50%
18/10/2020 ,25672,544299,569971,4.50%
19/10/2020 ,25975,545096,571071,4.55%
20/10/2020 ,25975,545196,571171,4.55%
21/10/2020 ,26301,545872,572173,4.60%
22/10/2020 ,26301,545872,572173,4.60%
23/10/2020 ,26301,545972,572273,4.60%
24/10/2020 ,26301,545972,572273,4.60%
25/10/2020 ,26321,546952,573273,4.59%
26/10/2020 ,26321,547052,573373,4.59%
27/10/2020 ,26321,547152,573473,4.59%
28/10/2020 ,26321,547252,573573,4.59%
29/10/2020 ,26321,547352,573673,4.59%
30/10/2020 ,26321,547452,573773,4.59%
31/10/2020 ,26321,547552,573873,4.59%
1/11/2020,26321,547652,573973,4.59%
2/11/2020,26897,555445,582342,4.62%
3/11/2020,26897,555545,582442,4.62%
4/11/2020,26897,555645,582542,4.62%
5/11/2020,26897,555745,582642,4.62%
6/11/2020,26897,555845,582742,4.62%
7/11/2020,26897,555945,582842,4.61%
8/11/2020,26897,556045,582942,4.61%
9/11/2020,26897,556145,583042,4.61%
10/11/2020,26897,556245,583142,4.61%
11/11/2020,26897,556345,583242,4.61%
12/11/2020,26897,556445,583342,4.61%
13/11/2020 ,26897,556545,583442,4.61%
14/11/2020 ,26897,556645,583542,4.61%
15/11/2020 ,26897,556645,583542,4.61%
16/11/2020 ,29545,590879,620424,4.76%
17/11/2020 ,29545,590979,620524,4.76%
18/11/2020 ,29545,591079,620624,4.76%
19/11/2020 ,29545,591179,620724,4.76%
20/11/2020 ,29545,591279,620824,4.76%
21/11/2020 ,29545,591379,620924,4.76%
22/11/2020 ,29545,591479,621024,4.76%
23/11/2020 ,29690,591925,621615,4.78%
24/11/2020 ,31049,597933,628982,4.94%
25/11/2020 ,31049,597933,628982,4.94%
26/11/2020 ,31072,598070,629142,4.94%
27/11/2020 ,31072,598170,629242,4.94%
28/11/2020 ,31072,598270,629342,4.94%
29/11/2020 ,31072,598370,629442,4.94%
30/11/2020 ,31072,598470,629542,4.94%
1/12/2020,31072,598570,629642,4.93%
2/12/2020,31072,598670,629742,4.93%
3/12/2020,32351,607588,639939,5.06%
4/12/2020,32351,607638,639989,5.05%
5/12/2020,32351,607738,640089,5.05%
6/12/2020,32351,607838,640189,5.05%
7/12/2020,32351,607938,640289,5.05%
8/12/2020,32351,608038,640389,5.05%
9/12/2020,32411,608278,640689,5.06%
10/12/2020,32424,608047,640471,5.06%
11/12/2020,32424,608147,640571,5.06%
12/12/2020,32424,608247,640671,5.06%
13/12/2020 ,32424,608665,641089,5.06%
14/12/2020 ,32424,608765,641189,5.06%
15/12/2020 ,32424,608865,641289,5.06%
16/12/2020 ,32527,608929,641456,5.07%
17/12/2020 ,32527,608979,641506,5.07%
18/12/2020 ,32527,609079,641606,5.07%
19/12/2020 ,32527,609179,641706,5.07%
20/12/2020 ,32527,609279,641806,5.07%
21/12/2020 ,33190,616946,650136,5.11%
22/12/2020 ,33190,617046,650236,5.10%
23/12/2020 ,33190,617146,650336,5.10%
24/12/2020 ,33190,617256,650446,5.10%
25/12/2020 ,33190,617356,650546,5.10%
26/12/2020 ,33190,617456,650646,5.10%
27/12/2020 ,33190,617556,650746,5.10%
28/12/2020 ,33239,617766,651005,5.11%
29/12/2020 ,33239,617866,651105,5.11%
30/12/2020 ,33239,617966,651205,5.10%
31/12/2020 ,33239,618066,651305,5.10%
1/1/2021,33239,618166,651405,5.10%
2/1/2021,33239,618266,651505,5.10%
3/1/2021,33239,618366,651605,5.10%
4/1/2021,33239,618466,651705,5.10%
5/1/2021,37852,675591,713443,5.31%
6/1/2021,37852,675591,713443,5.31%
7/1/2021,37852,675591,713443,5.31%
8/1/2021,37852,675591,713443,5.31%
9/1/2021,37852,675591,713443,5.31%
10/1/2021,37852,675591,713443,5.31%
11/1/2021,37852,675591,713443,5.31%
12/1/2021,37852,675591,713443,5.31%
13/01/2021 ,37852,675591,713443,5.31%
14/01/2021 ,37852,675591,713443,5.31%
15/01/2021 ,37852,675591,713443,5.31%
16/01/2021 ,37852,675591,713443,5.31%
17/01/2021 ,37852,675591,713443,5.31%
18/01/2021 ,37852,675591,713443,5.31%
19/01/2021 ,37852,675591,713443,5.31%
20/01/2021 ,37852,675591,713443,5.31%
21/01/2021 ,37852,675591,713443,5.31%
22/01/2021 ,37852,675591,713443,5.31%
23/01/2021 ,37852,675591,713443,5.31%
24/01/2021 ,37852,675591,713443,5.31%
25/01/2021 ,37852,675591,713443,5.31%
26/01/2021 ,37852,675591,713443,5.31%
27/01/2021 ,37852,675591,713443,5.31%
28/01/2021 ,37852,675591,713443,5.31%
29/01/2021 ,37997,675868,713865,5.32%
30/01/2021 ,37997,675868,713865,5.32%
31/01/2021 ,37997,675868,713865,5.32%
1/2/2021,37997,675868,713865,5.32%
2/2/2021,38223,676487,714710,5.35%
3/2/2021,38223,676487,714710,5.35%
4/2/2021,38223,676487,714710,5.35%
5/2/2021,38223,676487,714710,5.35%
6/2/2021,38223,676487,714710,5.35%
7/2/2021,38370,677396,715766,5.36%
8/2/2021,38464,677824,716288,5.37%
9/2/2021,38464,677825,716289,5.37%
10/2/2021,38471,677936,716407,5.37%
11/2/2021,38508,678084,716592,5.37%
12/2/2021,38524,678210,716734,5.37%
13/02/2021 ,38548,678310,716858,5.38%
14/02/2021 ,38554,678351,716905,5.38%
15/02/2021 ,38581,678510,717091,5.38%
16/02/2021 ,38592,678588,717180,5.38%
17/02/2021 ,38713,679000,717713,5.39%
18/02/2021 ,38739,679225,717964,5.40%
19/02/2021 ,38770,679399,718169,5.40%
20/02/2021 ,38803,679629,718432,5.40%
21/02/2021 ,38817,679739,718556,5.40%
22/02/2021 ,38827,679855,718682,5.40%
23/02/2021 ,38835,679937,718772,5.40%
24/02/2021 ,38876,680149,719025,5.41%
25/02/2021 ,38895,680303,719198,5.41%
26/02/2021 ,38904,680430,719334,5.41%
27/02/2021 ,38920,680488,719408,5.41%
28/02/2021 ,38935,680592,719527,5.41%
1/3/2021,38943,680663,719606,5.41%
2/3/2021,38945,680726,719671,5.41%
3/3/2021,38968,680917,719885,5.41%
4/3/2021,38992,681089,720081,5.41%
5/3/2021,39139,681733,720872,5.43%
6/3/2021,39184,681833,721017,5.43%
7/3/2021,39202,681942,721144,5.44%
8/3/2021,39206,681984,721190,5.44%
9/3/2021,39213,682021,721234,5.44%
10/3/2021,39224,682154,721378,5.44%
11/3/2021,39233,682291,721524,5.44%
12/3/2021,39249,682439,721688,5.44%
13/03/2021 ,39273,682539,721812,5.44%
14/03/2021 ,39288,682690,721978,5.44%
15/03/2021 ,39314,682908,722222,5.44%
16/03/2021 ,39318,682933,722251,5.44%
17/03/2021 ,39338,683026,722364,5.45%
18/03/2021 ,39347,683193,722540,5.45%
19/03/2021 ,39357,683400,722757,5.45%
20/03/2021 ,39375,683726,723101,5.45%
21/03/2021 ,39407,683935,723342,5.45%
22/03/2021 ,39413,683984,723397,5.45%
23/03/2021 ,39418,684033,723451,5.45%
24/03/2021 ,39443,684182,723625,5.45%
25/03/2021 ,39482,684331,723813,5.45%
26/03/2021 ,39504,684474,723978,5.46%
27/03/2021 ,39550,684698,724248,5.46%
28/03/2021 ,39573,684829,724402,5.46%
29/03/2021 ,39583,684886,724469,5.46%
30/03/2021 ,39586,684912,724498,5.46%
31/03/2021 ,39614,685049,724663,5.47%
1/4/2021,39639,685178,724817,5.47%
2/4/2021,39680,685285,724965,5.47%
3/4/2021,39690,685379,725069,5.47%
4/4/2021,39691,685388,725079,5.47%
5/4/2021,39693,685414,725107,5.47%
6/4/2021,39699,685420,725119,5.47%
7/4/2021,39714,685542,725256,5.48%
8/4/2021,39722,685686,725408,5.48%
9/4/2021,39730,685798,725528,5.48%
10/4/2021,39745,685864,725609,5.48%
11/4/2021,39750,685931,725681,5.48%
12/4/2021,39753,685945,725698,5.48%
13/04/2021 ,39754,685951,725705,5.48%
14/04/2021 ,39792,686151,725943,5.48%
15/04/2021 ,39804,686283,726087,5.48%
16/04/2021 ,39808,686337,726145,5.48%
17/04/2021 ,39818,686410,726228,5.48%
18/04/2021 ,39854,686543,726397,5.49%
19/04/2021 ,39855,686544,726399,5.49%
20/04/2021 ,39855,686547,726402,5.49%
21/04/2021 ,39881,686730,726611,5.49%
22/04/2021 ,39926,686920,726846,5.49%
23/04/2021 ,39963,687103,727066,5.50%
24/04/2021 ,39978,687216,727194,5.50%
25/04/2021 ,39998,687299,727297,5.50%
26/04/2021 ,40000,687324,727324,5.50%
27/04/2021 ,40001,687340,727341,5.50%
28/04/2021 ,40010,687453,727463,5.50%
29/04/2021 ,40023,687481,727504,5.50%
30/04/2021 ,40038,687596,727634,5.50%
1/5/2021,40049,687671,727720,5.50%
2/5/2021,40053,687715,727768,5.50%
3/5/2021,40055,687735,727790,5.50%
4/5/2021,40057,687745,727802,5.50%
5/5/2021,40066,687826,727892,5.50%
6/5/2021,40070,687884,727954,5.50%
7/5/2021,40078,687967,728045,5.50%
8/5/2021,40084,688035,728119,5.51%
9/5/2021,40092,688139,728231,5.51%
10/5/2021,40092,688165,728257,5.51%
11/5/2021,40097,688181,728278,5.51%
12/5/2021,40099,688243,728342,5.51%
13/05/2021 ,40111,688316,728427,5.51%
14/05/2021 ,40116,688326,728442,5.51%
15/05/2021 ,40117,688334,728451,5.51%
16/05/2021 ,40119,688351,728470,5.51%
17/05/2021 ,40119,688356,728475,5.51%
18/05/2021 ,40121,688404,728525,5.51%
19/05/2021 ,40141,688484,728625,5.51%
20/05/2021 ,40161,688538,728699,5.51%
21/05/2021 ,40173,688569,728742,5.51%
22/05/2021 ,40178,688714,728892,5.51%
23/05/2021 ,40187,688860,729047,5.51%
24/05/2021 ,40187,688865,729052,5.51%
25/05/2021 ,40192,688889,729081,5.51%
26/05/2021 ,40200,688984,729184,5.51%
27/05/2021 ,40200,689066,729266,5.51%
28/05/2021 ,40200,689075,729275,5.51%
29/05/2021 ,40203,689117,729320,5.51%
30/05/2021 ,40228,689185,729413,5.52%
31/05/2021 ,40236,689213,729449,5.52%
1/6/2021,40237,689219,729456,5.52%
2/6/2021,40256,689304,729560,5.52%
3/6/2021,40257,689305,729562,5.52%
4/6/2021,40262,689345,729607,5.52%
5/6/2021,40268,689420,729688,5.52%
6/6/2021,40286,689537,729823,5.52%
7/6/2021,40291,689548,729839,5.52%
8/6/2021,40291,689563,729854,5.52%
9/6/2021,40293,689581,729874,5.52%
10/6/2021,40294,689608,729902,5.52%
11/6/2021,40294,689635,729929,5.52%
12/6/2021,40298,689650,729948,5.52%
13/06/2021 ,40306,689734,730040,5.52%
14/06/2021 ,40306,689744,730050,5.52%
15/06/2021 ,40306,689751,730057,5.52%
16/06/2021 ,40311,689768,730079,5.52%
17/06/2021 ,40328,689845,730173,5.52%
18/06/2021 ,40351,689907,730258,5.53%
19/06/2021 ,40362,689972,730334,5.53%
20/06/2021 ,40369,690034,730403,5.53%
21/06/2021 ,40372,690065,730437,5.53%
22/06/2021 ,40377,690075,730452,5.53%
23/06/2021 ,40383,690119,730502,5.53%
24/06/2021 ,40391,690140,730531,5.53%
25/06/2021 ,40405,690218,730623,5.53%
26/06/2021 ,40406,690249,730655,5.53%
27/06/2021 ,40409,690277,730686,5.53%
28/06/2021 ,40409,690277,730686,5.53%
29/06/2021 ,40409,690279,730688,5.53%
30/06/2021 ,40409,690285,730694,5.53%
1/7/2021,40412,690302,730714,5.53%
2/7/2021,40412,690303,730715,5.53%
3/7/2021,40423,690350,730773,5.53%
4/7/2021,40449,690426,730875,5.53%
5/7/2021,40453,690461,730914,5.53%
6/7/2021,40453,690464,730917,5.53%
7/7/2021,40455,690484,730939,5.53%
8/7/2021,40458,690561,731019,5.53%
9/7/2021,40465,690582,731047,5.54%
10/7/2021,40473,690636,731109,5.54%
11/7/2021,40475,690653,731128,5.54%
12/7/2021,40491,690683,731174,5.54%
13/07/2021 ,40491,690683,731174,5.54%
14/07/2021 ,40496,690700,731196,5.54%
15/07/2021 ,40516,690731,731247,5.54%
16/07/2021 ,40523,690738,731261,5.54%
17/07/2021 ,40523,690747,731270,5.54%
18/07/2021 ,40542,690779,731321,5.54%
19/07/2021 ,40542,690779,731321,5.54%
20/07/2021 ,40542,690779,731321,5.54%
21/07/2021 ,40553,690790,731343,5.55%
22/07/2021 ,40553,690795,731348,5.54%
23/07/2021 ,40569,690826,731395,5.55%
24/07/2021 ,40599,690851,731450,5.55%
25/07/2021 ,40632,690896,731528,5.55%
26/07/2021 ,40637,690896,731533,5.56%
27/07/2021 ,40637,690921,731558,5.55%
28/07/2021 ,40640,690927,731567,5.56%
29/07/2021 ,40652,690954,731606,5.56%
30/07/2021 ,40676,690972,731648,5.56%
31/07/2021 ,40694,690990,731684,5.56%
1/8/2021,40699,690994,731693,5.56%
2/8/2021,40699,690994,731693,5.56%
3/8/2021,40699,690994,731693,5.56%
4/8/2021,40710,690997,731707,5.56%
5/8/2021,40713,691005,731718,5.56%
6/8/2021,40719,691010,731729,5.56%
7/8/2021,40721,691012,731733,5.57%
8/8/2021,40765,691042,731807,5.57%
9/8/2021,40765,691042,731807,5.57%
10/8/2021,40777,691048,731825,5.57%
11/8/2021,40781,691050,731831,5.57%
12/8/2021,40799,691077,731876,5.57%
13/08/2021 ,40799,691078,731877,5.57%
14/08/2021 ,40816,691091,731907,5.58%
15/08/2021 ,40822,691105,731927,5.58%
16/08/2021 ,40823,691105,731928,5.58%
17/08/2021 ,40823,691106,731929,5.58%
18/08/2021 ,40833,691113,731946,5.58%
19/08/2021 ,40844,691132,731976,5.58%
20/08/2021 ,40864,691133,731997,5.58%
21/08/2021 ,40873,691146,732019,5.58%
22/08/2021 ,40888,691156,732044,5.59%
23/08/2021 ,40889,691157,732046,5.59%
24/08/2021 ,40891,691157,732048,5.59%
25/08/2021 ,40906,691161,732067,5.59%
26/08/2021 ,40913,691166,732079,5.59%
27/08/2021 ,40931,691186,732117,5.59%
28/08/2021 ,40938,691189,732127,5.59%
29/08/2021 ,40949,691196,732145,5.59%
30/08/2021 ,40953,691200,732153,5.59%
31/08/2021 ,40953,691200,732153,5.59%
1/9/2021,40976,691209,732185,5.60%
2/9/2021,40985,691216,732201,5.60%
3/9/2021,40990,691232,732222,5.60%
4/9/2021,40996,691260,732256,5.60%
5/9/2021,41002,691260,732262,5.60%
6/9/2021,41002,691261,732263,5.60%
7/9/2021,41002,691261,732263,5.60%
8/9/2021,41012,691293,732305,5.60%
9/9/2021,41020,691300,732320,5.60%
10/9/2021,41042,691314,732356,5.60%
11/9/2021,41047,691317,732364,5.60%
12/9/2021,41059,691319,732378,5.61%
13/09/2021 ,41064,691320,732384,5.61%
14/09/2021 ,41064,691321,732385,5.61%
15/09/2021 ,41064,691322,732386,5.61%
16/09/2021 ,41077,691368,732445,5.61%
17/09/2021 ,41083,691376,732459,5.61%
18/09/2021 ,41084,691376,732460,5.61%
19/09/2021 ,41099,691387,732486,5.61%
20/09/2021 ,41099,691387,732486,5.61%
21/09/2021 ,41100,691387,732487,5.61%
22/09/2021 ,41105,691388,732493,5.61%
23/09/2021 ,41117,691393,732510,5.61%
24/09/2021 ,41122,691400,732522,5.61%
25/09/2021 ,41124,691401,732525,5.61%
26/09/2021 ,41129,691406,732535,5.61%
27/09/2021 ,41131,691410,732541,5.61%
28/09/2021 ,41131,691410,732541,5.61%
29/09/2021 ,41131,691411,732542,5.61%
30/09/2021 ,41134,691416,732550,5.62%
1/10/2021,41134,691416,732550,5.62%
2/10/2021,41134,691417,732551,5.62%
3/10/2021,41172,691420,732592,5.62%
4/10/2021,41172,691422,732594,5.62%
5/10/2021,41172,691422,732594,5.62%
6/10/2021,41177,691463,732640,5.62%
7/10/2021,41180,691486,732666,5.62%
8/10/2021,41201,691503,732704,5.62%
9/10/2021,41256,691548,732804,5.63%
10/10/2021,41282,691579,732861,5.63%
11/10/2021,41282,691579,732861,5.63%
12/10/2021,41282,691579,732861,5.63%
13/10/2021 ,41299,691604,732903,5.63%
14/10/2021 ,41299,691605,732904,5.63%
15/10/2021 ,41325,691654,732979,5.64%
16/10/2021 ,41365,691677,733042,5.64%
17/10/2021 ,41378,691698,733076,5.64%
18/10/2021 ,41378,691698,733076,5.64%
19/10/2021 ,41378,691698,733076,5.64%
20/10/2021 ,41384,691708,733092,5.65%
21/10/2021 ,41384,691708,733092,5.65%
22/10/2021 ,41384,691708,733092,5.65%
23/10/2021 ,41384,691710,733094,5.65%
24/10/2021 ,41404,691715,733119,5.65%
25/10/2021 ,41405,691715,733120,5.65%
26/10/2021 ,41405,691715,733120,5.65%
27/10/2021 ,41442,691726,733168,5.65%
28/10/2021 ,41443,691727,733170,5.65%
29/10/2021 ,41465,691746,733211,5.66%
30/10/2021 ,41517,691786,733303,5.66%
31/10/2021 ,41517,691787,733304,5.66%
1/11/2021,41517,691787,733304,5.66%
2/11/2021,41517,691787,733304,5.66%
3/11/2021,41538,691791,733329,5.66%
4/11/2021,41581,691824,733405,5.67%
5/11/2021,41585,691824,733409,5.67%
6/11/2021,41585,691829,733414,5.67%
7/11/2021,41585,691829,733414,5.67%
8/11/2021,41585,691829,733414,5.67%
9/11/2021,41585,691829,733414,5.67%
10/11/2021,41601,691829,733430,5.67%
11/11/2021,41611,691832,733443,5.67%
12/11/2021,41666,691840,733506,5.68%
13/11/2021 ,41671,691846,733517,5.68%
14/11/2021 ,41674,691848,733522,5.68%
15/11/2021 ,41674,691848,733522,5.68%
16/11/2021 ,41674,691848,733522,5.68%
17/11/2021 ,41674,691849,733523,5.68%
18/11/2021 ,41674,691849,733523,5.68%
19/11/2021 ,41674,691849,733523,5.68%
20/11/2021 ,41674,691849,733523,5.68%
21/11/2021 ,41678,691854,733532,5.68%
22/11/2021 ,41678,691854,733532,5.68%
23/11/2021 ,41678,691854,733532,5.68%
24/11/2021 ,41678,691854,733532,5.68%
25/11/2021 ,41684,691861,733545,5.68%
26/11/2021 ,41689,691877,733566,5.68%
27/11/2021 ,41690,691886,733576,5.68%
28/11/2021 ,41690,691886,733576,5.68%
29/11/2021 ,41692,691892,733584,5.68%
30/11/2021 ,41692,691892,733584,5.68%
1/12/2021,41693,691896,733589,5.68%
2/12/2021,41700,691917,733617,5.68%
3/12/2021,41700,691917,733617,5.68%
4/12/2021,41700,691917,733617,5.68%
5/12/2021,41701,691917,733618,5.68%
6/12/2021,41701,691917,733618,5.68%
7/12/2021,41701,691917,733618,5.68%
8/12/2021,41703,691922,733625,5.68%
9/12/2021,41719,691943,733662,5.69%
10/12/2021,41721,691950,733671,5.69%
11/12/2021,41721,691954,733675,5.69%
12/12/2021,41721,691954,733675,5.69%
13/12/2021 ,41721,691954,733675,5.69%
14/12/2021 ,41721,691954,733675,5.69%
15/12/2021 ,41725,691967,733692,5.69%
16/12/2021 ,41726,691967,733693,5.69%
17/12/2021 ,41736,691982,733718,5.69%
18/12/2021 ,41736,691982,733718,5.69%
19/12/2021 ,41740,691985,733725,5.69%
20/12/2021 ,41740,691985,733725,5.69%
21/12/2021 ,41740,691985,733725,5.69%
22/12/2021 ,41740,691985,733725,5.69%
23/12/2021 ,41741,691987,733728,5.69%
24/12/2021 ,41741,691987,733728,5.69%
25/12/2021 ,41741,691987,733728,5.69%
26/12/2021 ,41741,691987,733728,5.69%
27/12/2021 ,41741,691987,733728,5.69%
28/12/2021 ,41741,691987,733728,5.69%
29/12/2021 ,41758,692018,733776,5.69%
30/12/2021 ,41760,692025,733785,5.69%
31/12/2021 ,41760,692025,733785,5.69%
1/1/2022,41765,692029,733794,5.69%
2/1/2022,41765,692030,733795,5.69%
3/1/2022,41765,692031,733796,5.69%
4/1/2022,41765,692031,733796,5.69%
5/1/2022,41765,692031,733796,5.69%
6/1/2022,41765,692031,733796,5.69%
7/1/2022,41765,692031,733796,5.69%
8/1/2022,41770,692037,733807,5.69%
9/1/2022,41771,692038,733809,5.69%
10/1/2022,41771,692038,733809,5.69%
11/1/2022,41771,692038,733809,5.69%
12/1/2022,41771,692040,733811,5.69%
13/01/2022 ,41771,692040,733811,5.69%
14/01/2022 ,41771,692040,733811,5.69%
15/01/2022 ,41771,692040,733811,5.69%
16/01/2022 ,41771,692040,733811,5.69%
17/01/2022 ,41771,692040,733811,5.69%
18/01/2022 ,41771,692040,733811,5.69%
19/01/2022 ,41771,692041,733812,5.69%
20/01/2022 ,41779,692053,733832,5.69%
21/01/2022 ,41779,692054,733833,5.69%
22/01/2022 ,41779,692054,733833,5.69%
23/01/2022 ,41779,692054,733833,5.69%
24/01/2022 ,41780,692054,733834,5.69%
25/01/2022 ,41780,692054,733834,5.69%
26/01/2022 ,41787,692073,733860,5.69%
27/01/2022 ,41789,692075,733864,5.69%
28/01/2022 ,41789,692075,733864,5.69%
29/01/2022 ,41789,692075,733864,5.69%
30/01/2022 ,41789,692075,733864,5.69%
31/01/2022 ,41789,692075,733864,5.69%
1/2/2022,41789,692075,733864,5.69%
2/2/2022,41789,692077,733866,5.69%
3/2/2022,41789,692077,733866,5.69%
4/2/2022,41789,692077,733866,5.69%
5/2/2022,41789,692077,733866,5.69%
6/2/2022,41789,692077,733866,5.69%
7/2/2022,41789,692077,733866,5.69%
8/2/2022,41789,692078,733867,5.69%
9/2/2022,41801,692088,733889,5.70%
10/2/2022,41802,692090,733892,5.70%
11/2/2022,41802,692090,733892,5.70%
12/2/2022,41802,692090,733892,5.70%
13/02/2022 ,41802,692090,733892,5.70%
14/02/2022 ,41802,692090,733892,5.70%
15/02/2022 ,41802,692090,733892,5.70%
16/02/2022 ,41803,692090,733893,5.70%
17/02/2022 ,41803,692090,733893,5.70%
18/02/2022 ,41803,692090,733893,5.70%
19/02/2022 ,41804,692090,733894,5.70%
20/02/2022 ,41804,692090,733894,5.70%
21/02/2022 ,41804,692090,733894,5.70%
22/02/2022 ,41804,692090,733894,5.70%
23/02/2022 ,41804,692090,733894,5.70%
24/02/2022 ,41807,692093,733900,5.70%
25/02/2022 ,41807,692093,733900,5.70%
26/02/2022 ,41807,692094,733901,5.70%
27/02/2022 ,41811,692096,733907,5.70%
28/02/2022 ,41812,692096,733908,5.70%
1/3/2022,41812,692096,733908,5.70%
2/3/2022,41812,692096,733908,5.70%
3/3/2022,41812,692096,733908,5.70%
4/3/2022,41812,692096,733908,5.70%
5/3/2022,41813,692096,733909,5.70%
6/3/2022,41813,692096,733909,5.70%
7/3/2022,41813,692096,733909,5.70%
8/3/2022,41813,692096,733909,5.70%
9/3/2022,41813,692096,733909,5.70%
10/3/2022,41813,692098,733911,5.70%
11/3/2022,41813,692098,733911,5.70%
12/3/2022,41813,692098,733911,5.70%
13/03/2022 ,41813,692098,733911,5.70%
14/03/2022 ,41813,692098,733911,5.70%
15/03/2022 ,41813,692098,733911,5.70%
16/03/2022 ,41817,692101,733918,5.70%
17/03/2022 ,41817,692101,733918,5.70%
18/03/2022 ,41818,692105,733923,5.70%
19/03/2022 ,41819,692105,733924,5.70%
20/03/2022 ,41819,692105,733924,5.70%
21/03/2022 ,41819,692105,733924,5.70%
22/03/2022 ,41819,692105,733924,5.70%
23/03/2022 ,41819,692105,733924,5.70%
24/03/2022 ,41819,692106,733925,5.70%
25/03/2022 ,41819,692108,733927,5.70%
26/03/2022 ,41819,692108,733927,5.70%
27/03/2022 ,41819,692108,733927,5.70%
28/03/2022 ,41819,692109,733928,5.70%
29/03/2022 ,41819,692109,733928,5.70%
30/03/2022 ,41820,692109,733929,5.70%
31/03/2022 ,41820,692109,733929,5.70%
1/4/2022,41820,692109,733929,5.70%
2/4/2022,41820,692109,733929,5.70%
3/4/2022,41820,692109,733929,5.70%
4/4/2022,41820,692109,733929,5.70%
5/4/2022,41820,692109,733929,5.70%
6/4/2022,41820,692109,733929,5.70%
7/4/2022,41820,692109,733929,5.70%
8/4/2022,41820,692109,733929,5.70%
9/4/2022,41821,692109,733930,5.70%
10/4/2022,41821,692109,733930,5.70%
11/4/2022,41821,692109,733930,5.70%
12/4/2022,41821,692109,733930,5.70%
13/04/2022 ,41821,692109,733930,5.70%
14/04/2022 ,41821,692109,733930,5.70%
15/04/2022 ,41821,692109,733930,5.70%
16/04/2022 ,41821,692109,733930,5.70%
17/04/2022 ,41821,692109,733930,5.70%
18/04/2022 ,41821,692109,733930,5.70%
19/04/2022 ,41821,692109,733930,5.70%
20/04/2022 ,41821,692109,733930,5.70%
21/04/2022 ,41821,692109,733930,5.70%
22/04/2022 ,41821,692109,733930,5.70%
23/04/2022 ,41821,692110,733931,5.70%
24/04/2022 ,41821,692111,733932,5.70%
25/04/2022 ,41821,692111,733932,5.70%
26/04/2022 ,41821,692111,733932,5.70%
27/04/2022 ,41821,692111,733932,5.70%
28/04/2022 ,41821,692111,733932,5.70%
29/04/2022 ,41821,692111,733932,5.70%
30/04/2022 ,41821,692111,733932,5.70%
1/5/2022,41821,692111,733932,5.70%
2/5/2022,41821,692111,733932,5.70%
3/5/2022,41821,692111,733932,5.70%
4/5/2022,41821,692111,733932,5.70%
5/5/2022,41821,692111,733932,5.70%
6/5/2022,41821,692111,733932,5.70%
7/5/2022,41821,692111,733932,5.70%
8/5/2022,41821,692111,733932,5.70%
9/5/2022,41821,692111,733932,5.70%
10/5/2022,41821,692111,733932,5.70%
11/5/2022,41821,692111,733932,5.70%
12/5/2022,41821,692111,733932,5.70%
13/05/2022 ,41821,692111,733932,5.70%
14/05/2022 ,41821,692111,733932,5.70%
15/05/2022 ,41821,692111,733932,5.70%
16/05/2022 ,41821,692111,733932,5.70%
17/05/2022 ,41821,692111,733932,5.70%
18/05/2022 ,41821,692111,733932,5.70%
19/05/2022 ,41821,692111,733932,5.70%
20/05/2022 ,41821,692111,733932,5.70%
21/05/2022 ,41821,692111,733932,5.70%
22/05/2022 ,41821,692111,733932,5.70%
23/05/2022 ,41821,692112,733933,5.70%
24/05/2022 ,41821,692112,733933,5.70%
25/05/2022 ,41821,692112,733933,5.70%
26/05/2022 ,41821,692112,733933,5.70%
27/05/2022 ,41821,692112,733933,5.70%
28/05/2022 ,41821,692112,733933,5.70%
29/05/2022 ,41821,692112,733933,5.70%
30/05/2022 ,41821,692112,733933,5.70%
31/05/2022 ,41821,692112,733933,5.70%
1/6/2022,41821,692113,733934,5.70%
2/6/2022,41821,692113,733934,5.70%
3/6/2022,41821,692113,733934,5.70%
4/6/2022,41821,692113,733934,5.70%
5/6/2022,41821,692113,733934,5.70%
6/6/2022,41821,692113,733934,5.70%
7/6/2022,41821,692113,733934,5.70%
8/6/2022,41821,692113,733934,5.70%
9/6/2022,41821,692114,733935,5.70%
10/6/2022,41821,692114,733935,5.70%
11/6/2022,41821,692114,733935,5.70%
12/6/2022,41821,692114,733935,5.70%
13/06/2022 ,41821,692114,733935,5.70%
14/06/2022 ,41821,692114,733935,5.70%
15/06/2022 ,41821,692114,733935,5.70%
16/06/2022 ,41821,692114,733935,5.70%
17/06/2022 ,41821,692114,733935,5.70%
18/06/2022 ,41821,692114,733935,5.70%
19/06/2022 ,41821,692114,733935,5.70%
20/06/2022 ,41821,692114,733935,5.70%
21/06/2022 ,41821,692114,733935,5.70%
22/06/2022 ,41821,692114,733935,5.70%
23/06/2022 ,41821,692114,733935,5.70%
24/06/2022 ,41821,692114,733935,5.70%
25/06/2022 ,41821,692114,733935,5.70%
26/06/2022 ,41821,692114,733935,5.70%
27/06/2022 ,41821,692114,733935,5.70%
28/06/2022 ,41821,692114,733935,5.70%
29/06/2022 ,41821,692114,733935,5.70%
30/06/2022 ,41821,692114,733935,5.70%
1/7/2022,41821,692114,733935,5.70%
2/7/2022,41821,692114,733935,5.70%
3/7/2022,41821,692114,733935,5.70%
4/7/2022,41821,692114,733935,5.70%
5/7/2022,41821,692115,733936,5.70%
6/7/2022,41822,692115,733937,5.70%
7/7/2022,41822,692115,733937,5.70%
8/7/2022,41822,692115,733937,5.70%
9/7/2022,41822,692115,733937,5.70%
10/7/2022,41822,692115,733937,5.70%
11/7/2022,41822,692115,733937,5.70%
12/7/2022,41822,692115,733937,5.70%
13/07/2022 ,41822,692115,733937,5.70%
14/07/2022 ,41822,692115,733937,5.70%
15/07/2022 ,41822,692115,733937,5.70%
16/07/2022 ,41822,692115,733937,5.70%
17/07/2022 ,41822,692115,733937,5.70%
18/07/2022 ,41822,692115,733937,5.70%
19/07/2022 ,41822,692115,733937,5.70%
20/07/2022 ,41822,692115,733937,5.70%
21/07/2022 ,41822,692115,733937,5.70%
22/07/2022 ,41822,692115,733937,5.70%
23/07/2022 ,41822,692115,733937,5.70%
24/07/2022 ,41822,692115,733937,5.70%
25/07/2022 ,41822,692115,733937,5.70%
26/07/2022 ,41822,692116,733938,5.70%
27/07/2022 ,41823,692116,733939,5.70%
28/07/2022 ,41823,692116,733939,5.70%
29/07/2022 ,41823,692116,733939,5.70%
30/07/2022 ,41823,692116,733939,5.70%
31/07/2022 ,41823,692116,733939,5.70%
1/8/2022,41823,692116,733939,5.70%
2/8/2022,41823,692116,733939,5.70%
3/8/2022,41823,692116,733939,5.70%
4/8/2022,41823,692116,733939,5.70%
5/8/2022,41823,692116,733939,5.70%
6/8/2022,41823,692116,733939,5.70%
7/8/2022,41823,692116,733939,5.70%
8/8/2022,41823,692116,733939,5.70%
9/8/2022,41823,692116,733939,5.70%
10/8/2022,41823,692116,733939,5.70%
11/8/2022,41823,692116,733939,5.70%
12/8/2022,41823,692116,733939,5.70%
13/08/2022 ,41823,692116,733939,5.70%
14/08/2022 ,41823,692116,733939,5.70%
15/08/2022 ,41823,692116,733939,5.70%
16/08/2022 ,41823,692116,733939,5.70%
17/08/2022 ,41823,692116,733939,5.70%
18/08/2022 ,41823,692116,733939,5.70%
19/08/2022 ,41823,692116,733939,5.70%
20/08/2022 ,41823,692116,733939,5.70%
21/08/2022 ,41823,692116,733939,5.70%
22/08/2022 ,41823,692116,733939,5.70%
23/08/2022 ,41823,692116,733939,5.70%
24/08/2022 ,41823,692116,733939,5.70%
25/08/2022 ,41823,692118,733941,5.70%
26/08/2022 ,41823,692118,733941,5.70%
27/08/2022 ,41823,692119,733942,5.70%
28/08/2022 ,41823,692119,733942,5.70%
29/08/2022 ,41823,692119,733942,5.70%
30/08/2022 ,41823,692119,733942,5.70%
31/08/2022 ,41823,692119,733942,5.70%
1/9/2022,41823,692119,733942,5.70%
2/9/2022,41823,692119,733942,5.70%
3/9/2022,41823,692119,733942,5.70%
4/9/2022,41823,692119,733942,5.70%
5/9/2022,41823,692119,733942,5.70%
6/9/2022,41823,692119,733942,5.70%
7/9/2022,41823,692119,733942,5.70%
8/9/2022,41823,692119,733942,5.70%
9/9/2022,41823,692119,733942,5.70%
10/9/2022,41823,692120,733943,5.70%
11/9/2022,41823,692120,733943,5.70%
12/9/2022,41823,692120,733943,5.70%
13/09/2022 ,41823,692120,733943,5.70%
14/09/2022 ,41823,692120,733943,5.70%
15/09/2022 ,41823,692120,733943,5.70%
16/09/2022 ,41823,692120,733943,5.70%
17/09/2022 ,41823,692120,733943,5.70%
18/09/2022 ,41823,692120,733943,5.70%
19/09/2022 ,41823,692120,733943,5.70%
20/09/2022 ,41823,692120,733943,5.70%
21/09/2022 ,41823,692120,733943,5.70%
22/09/2022 ,41823,692120,733943,5.70%
23/09/2022 ,41823,692120,733943,5.70%
24/09/2022 ,41823,692120,733943,5.70%
25/09/2022 ,41823,692120,733943,5.70%
26/09/2022 ,41823,692120,733943,5.70%
27/09/2022 ,41823,692120,733943,5.70%
28/09/2022 ,41823,692120,733943,5.70%
29/09/2022 ,41823,692120,733943,5.70%
30/09/2022 ,41823,692120,733943,5.70%
1/10/2022,41823,692120,733943,5.70%
2/10/2022,41823,692120,733943,5.70%
3/10/2022,41823,692120,733943,5.70%
4/10/2022,41823,692120,733943,5.70%
5/10/2022,41823,692120,733943,5.70%
6/10/2022,41823,692120,733943,5.70%
7/10/2022,41823,692120,733943,5.70%
8/10/2022,41823,692120,733943,5.70%
9/10/2022,41823,692120,733943,5.70%
10/10/2022,41823,692120,733943,5.70%
11/10/2022,41823,692120,733943,5.70%
12/10/2022,41823,692120,733943,5.70%
13/10/2022 ,41823,692120,733943,5.70%
14/10/2022 ,41823,692120,733943,5.70%
15/10/2022 ,41823,692121,733944,5.70%
16/10/2022 ,41823,692121,733944,5.70%
17/10/2022 ,41823,692121,733944,5.70%
18/10/2022 ,41823,692121,733944,5.70%
19/10/2022 ,41823,692121,733944,5.70%
20/10/2022 ,41823,692121,733944,5.70%
21/10/2022 ,41823,692121,733944,5.70%
22/10/2022 ,41823,692121,733944,5.70%
23/10/2022 ,41823,692121,733944,5.70%
24/10/2022 ,41823,692121,733944,5.70%
25/10/2022 ,41823,692121,733944,5.70%
26/10/2022 ,41823,692121,733944,5.70%
27/10/2022 ,41823,692121,733944,5.70%
28/10/2022 ,41823,692121,733944,5.70%
29/10/2022 ,41823,692121,733944,5.70%
30/10/2022 ,41823,692121,733944,5.70%
31/10/2022 ,41823,692121,733944,5.70%
1/11/2022,41823,692121,733944,5.70%
2/11/2022,41823,692121,733944,5.70%
3/11/2022,41823,692121,733944,5.70%
4/11/2022,41823,692121,733944,5.70%
5/11/2022,41823,692121,733944,5.70%
6/11/2022,41823,692121,733944,5.70%
7/11/2022,41823,692121,733944,5.70%
8/11/2022,41823,692121,733944,5.70%
9/11/2022,41823,692121,733944,5.70%
10/11/2022,41823,692121,733944,5.70%
11/11/2022,41823,692121,733944,5.70%
12/11/2022,41823,692121,733944,5.70%
13/11/2022 ,41823,692121,733944,5.70%
14/11/2022 ,41823,692121,733944,5.70%
15/11/2022 ,41823,692121,733944,5.70%
16/11/2022 ,41823,692121,733944,5.70%
17/11/2022 ,41823,692121,733944,5.70%
18/11/2022 ,41823,692122,733945,5.70%
19/11/2022 ,41823,692122,733945,5.70%
20/11/2022 ,41823,692122,733945,5.70%
21/11/2022 ,41823,692122,733945,5.70%
22/11/2022 ,41823,692122,733945,5.70%
23/11/2022 ,41823,692122,733945,5.70%
24/11/2022 ,41823,692122,733945,5.70%
25/11/2022 ,41823,692122,733945,5.70%
26/11/2022 ,41823,692122,733945,5.70%
27/11/2022 ,41823,692122,733945,5.70%
28/11/2022 ,41823,692122,733945,5.70%
29/11/2022 ,41823,692122,733945,5.70%
30/11/2022 ,41823,692122,733945,5.70%
1/12/2022,41823,692122,733945,5.70%
2/12/2022,41823,692122,733945,5.70%
3/12/2022,41823,692122,733945,5.70%
4/12/2022,41823,692122,733945,5.70%
5/12/2022,41823,692122,733945,5.70%
6/12/2022,41823,692122,733945,5.70%
7/12/2022,41823,692122,733945,5.70%
8/12/2022,41823,692122,733945,5.70%
9/12/2022,41823,692122,733945,5.70%
10/12/2022,41823,692122,733945,5.70%
11/12/2022,41823,692122,733945,5.70%
12/12/2022,41823,692122,733945,5.70%
13/12/2022 ,41823,692122,733945,5.70%
14/12/2022 ,41823,692122,733945,5.70%
15/12/2022 ,41823,692122,733945,5.70%
16/12/2022 ,41823,692122,733945,5.70%
17/12/2022 ,41823,692122,733945,5.70%
18/12/2022 ,41823,692122,733945,5.70%
19/12/2022 ,41823,692122,733945,5.70%
20/12/2022 ,41823,692122,733945,5.70%
21/12/2022 ,41823,692122,733945,5.70%
22/12/2022 ,41823,692122,733945,5.70%
23/12/2022 ,41823,692122,733945,5.70%
24/12/2022 ,41823,692122,733945,5.70%
25/12/2022 ,41823,692122,733945,5.70%
26/12/2022 ,41823,692122,733945,5.70%
27/12/2022 ,41823,692122,733945,5.70%
28/12/2022 ,41823,692122,733945,5.70%
29/12/2022 ,41823,692122,733945,5.70%
30/12/2022 ,41824,692123,733947,5.70%
31/12/2022 ,41824,692123,733947,5.70%
1/1/2023,41824,692123,733947,5.70%
2/1/2023,41824,692123,733947,5.70%
3/1/2023,41824,692123,733947,5.70%
4/1/2023,41824,692123,733947,5.70%
5/1/2023,41824,692123,733947,5.70%
6/1/2023,41824,692123,733947,5.70%
7/1/2023,41824,692123,733947,5.70%
8/1/2023,41824,692123,733947,5.70%
9/1/2023,41824,692123,733947,5.70%
10/1/2023,41824,692123,733947,5.70%
11/1/2023,41824,692123,733947,5.70%
12/1/2023,41824,692123,733947,5.70%
13/01/2023 ,41824,692123,733947,5.70%
14/01/2023 ,41824,692123,733947,5.70%
15/01/2023 ,41824,692123,733947,5.70%
16/01/2023 ,41824,692123,733947,5.70%
17/01/2023 ,41824,692123,733947,5.70%
18/01/2023 ,41824,692123,733947,5.70%
19/01/2023 ,41824,692123,733947,5.70%
20/01/2023 ,41824,692123,733947,5.70%
21/01/2023 ,41824,692123,733947,5.70%
22/01/2023 ,41824,692123,733947,5.70%
23/01/2023 ,41824,692123,733947,5.70%
24/01/2023 ,41824,692123,733947,5.70%
25/01/2023 ,41824,692123,733947,5.70%
26/01/2023 ,41824,692123,733947,5.70%
27/01/2023 ,41824,692123,733947,5.70%
28/01/2023 ,41824,692123,733947,5.70%
29/01/2023 ,41824,692123,733947,5.70%
30/01/2023 ,41824,692123,733947,5.70%
31/01/2023 ,41824,692123,733947,5.70%
1/2/2023,41824,692123,733947,5.70%
2/2/2023,41824,692123,733947,5.70%
3/2/2023,41824,692123,733947,5.70%
4/2/2023,41824,692123,733947,5.70%
5/2/2023,41824,692123,733947,5.70%
6/2/2023,41824,692123,733947,5.70%
7/2/2023,41824,692123,733947,5.70%
8/2/2023,41824,692123,733947,5.70%
9/2/2023,41824,692123,733947,5.70%
10/2/2023,41824,692123,733947,5.70%
11/2/2023,41824,692123,733947,5.70%
12/2/2023,41824,692123,733947,5.70%
13/02/2023 ,41824,692123,733947,5.70%
14/02/2023 ,41824,692123,733947,5.70%
15/02/2023 ,41824,692123,733947,5.70%
16/02/2023 ,41824,692123,733947,5.70%
17/02/2023 ,41824,692123,733947,5.70%
18/02/2023 ,41824,692123,733947,5.70%
19/02/2023 ,41824,692123,733947,5.70%
20/02/2023 ,41824,692123,733947,5.70%
21/02/2023 ,41824,692123,733947,5.70%
22/02/2023 ,41824,692123,733947,5.70%
23/02/2023 ,41824,692123,733947,5.70%
24/02/2023 ,41824,692123,733947,5.70%
25/02/2023 ,41824,692123,733947,5.70%
26/02/2023 ,41824,692123,733947,5.70%
27/02/2023 ,41824,692123,733947,5.70%
28/02/2023 ,41824,692123,733947,5.70%
1/3/2023,41824,692123,733947,5.70%
2/3/2023,41824,692123,733947,5.70%
3/3/2023,41824,692123,733947,5.70%
4/3/2023,41824,692123,733947,5.70%
5/3/2023,41824,692123,733947,5.70%
6/3/2023,41824,692123,733947,5.70%
7/3/2023,41824,692123,733947,5.70%
8/3/2023,41824,692123,733947,5.70%
9/3/2023,41824,692123,733947,5.70%
10/3/2023,41824,692123,733947,5.70%
11/3/2023,41824,692123,733947,5.70%
12/3/2023,41824,692123,733947,5.70%
13/03/2023 ,41824,692123,733947,5.70%
14/03/2023 ,41824,692123,733947,5.70%
15/03/2023 ,41824,692123,733947,5.70%
16/03/2023 ,41824,692123,733947,5.70%
17/03/2023 ,41824,692123,733947,5.70%
18/03/2023 ,41824,692123,733947,5.70%
19/03/2023 ,41824,692123,733947,5.70%
20/03/2023 ,41824,692123,733947,5.70%
21/03/2023 ,41824,692123,733947,5.70%
22/03/2023 ,41824,692123,733947,5.70%
23/03/2023 ,41824,692123,733947,5.70%
24/03/2023 ,41824,692123,733947,5.70%
25/03/2023 ,41824,692123,733947,5.70%
26/03/2023 ,41824,692123,733947,5.70%
27/03/2023 ,41824,692123,733947,5.70%
28/03/2023 ,41824,692123,733947,5.70%
29/03/2023 ,41824,692123,733947,5.70%
30/03/2023 ,41824,692123,733947,5.70%
31/03/2023 ,41824,692123,733947,5.70%
1/4/2023,41824,692123,733947,5.70%
2/4/2023,41824,692123,733947,5.70%
3/4/2023,41824,692123,733947,5.70%
4/4/2023,41824,692123,733947,5.70%
5/4/2023,41824,692123,733947,5.70%
6/4/2023,41824,692123,733947,5.70%
7/4/2023,41824,692123,733947,5.70%
8/4/2023,41824,692123,733947,5.70%
9/4/2023,41824,692123,733947,5.70%
10/4/2023,41824,692123,733947,5.70%
11/4/2023,41824,692123,733947,5.70%
12/4/2023,41824,692123,733947,5.70%
13/04/2023 ,41824,692123,733947,5.70%
14/04/2023 ,41824,692123,733947,5.70%
15/04/2023 ,41824,692123,733947,5.70%
16/04/2023 ,41824,692123,733947,5.70%
17/04/2023 ,41824,692123,733947,5.70%
18/04/2023 ,41824,692123,733947,5.70%
19/04/2023 ,41824,692123,733947,5.70%
20/04/2023 ,41824,692123,733947,5.70%
21/04/2023 ,41824,692123,733947,5.70%
22/04/2023 ,41824,692123,733947,5.70%
23/04/2023 ,41824,692123,733947,5.70%
24/04/2023 ,41824,692123,733947,5.70%
25/04/2023 ,41824,692123,733947,5.70%
26/04/2023 ,41824,692123,733947,5.70%
27/04/2023 ,41824,692123,733947,5.70%
28/04/2023 ,41824,692123,733947,5.70%
29/04/2023 ,41824,692123,733947,5.70%
30/04/2023 ,41824,692123,733947,5.70%
1/5/2023,41824,692123,733947,5.70%
2/5/2023,41824,692123,733947,5.70%
3/5/2023,41824,692123,733947,5.70%
4/5/2023,41824,692123,733947,5.70%
5/5/2023,41824,692123,733947,5.70%
6/5/2023,41824,692123,733947,5.70%
7/5/2023,41824,692123,733947,5.70%
8/5/2023,41824,692123,733947,5.70%
9/5/2023,41824,692123,733947,5.70%
10/5/2023,41824,692123,733947,5.70%
11/5/2023,41824,692123,733947,5.70%
12/5/2023,41824,692123,733947,5.70%
13/05/2023 ,41824,692123,733947,5.70%
14/05/2023 ,41824,692123,733947,5.70%
15/05/2023 ,41824,692123,733947,5.70%
16/05/2023 ,41824,692123,733947,5.70%
17/05/2023 ,41824,692123,733947,5.70%
18/05/2023 ,41824,692123,733947,5.70%
19/05/2023 ,41824,692123,733947,5.70%
20/05/2023 ,41824,692123,733947,5.70%
21/05/2023 ,41824,692123,733947,5.70%
22/05/2023 ,41824,692123,733947,5.70%
23/05/2023 ,41824,692123,733947,5.70%
24/05/2023 ,41824,692123,733947,5.70%
25/05/2023 ,41824,692123,733947,5.70%
26/05/2023 ,41824,692123,733947,5.70%
27/05/2023 ,41824,692123,733947,5.70%
28/05/2023 ,41824,692123,733947,5.70%
29/05/2023 ,41824,692123,733947,5.70%
30/05/2023 ,41824,692123,733947,5.70%
31/05/2023 ,41824,692123,733947,5.70%
1/6/2023,41824,692123,733947,5.70%
2/6/2023,41824,692123,733947,5.70%
3/6/2023,41824,692123,733947,5.70%
4/6/2023,41824,692123,733947,5.70%
5/6/2023,41824,692123,733947,5.70%
6/6/2023,41824,692123,733947,5.70%
7/6/2023,41824,692123,733947,5.70%
8/6/2023,41824,692123,733947,5.70%
9/6/2023,41824,692123,733947,5.70%
10/6/2023,41824,692123,733947,5.70%
11/6/2023,41824,692123,733947,5.70%
12/6/2023,41824,692123,733947,5.70%
13/06/2023 ,41824,692123,733947,5.70%
14/06/2023 ,41824,692123,733947,5.70%
15/06/2023 ,41824,692123,733947,5.70%
16/06/2023 ,41824,692123,733947,5.70%
17/06/2023 ,41824,692123,733947,5.70%
18/06/2023 ,41824,692123,733947,5.70%
19/06/2023 ,41824,692123,733947,5.70%
20/06/2023 ,41824,692123,733947,5.70%
21/06/2023 ,41824,692123,733947,5.70%
22/06/2023 ,41824,692123,733947,5.70%
23/06/2023 ,41824,692123,733947,5.70%
24/06/2023 ,41824,692123,733947,5.70%
25/06/2023 ,41824,692123,733947,5.70%
26/06/2023 ,41824,692123,733947,5.70%
27/06/2023 ,41824,692123,733947,5.70%
28/06/2023 ,41824,692123,733947,5.70%
29/06/2023 ,41824,692123,733947,5.70%
